0 0.2265625 0.31953125 0.18203125 0.09296875
0 0.86171875 0.5671875 0.21796875 0.1875
0 0.54296875 0.1421875 0.07421875 0.10546875
0 0.5203125 0.21015625 0.09453125 0.04375
0 0.43828125 0.8421875 0.15546875 0.096875
0 0.56328125 0.6546875 0.1078125 0.07421875
0 0.55078125 0.5390625 0.04296875 0.03203125
0 0.49453125 0.48515625 0.0296875 0.02265625
0 0.115625 0.18515625 0.053125 0.0375
0 0.23125 0.1828125 0.0796875 0.053125
0 0.43046875 0.33125 0.06796875 0.0421875
0 0.921875 0.73671875 0.07109375 0.03984375
0 0.9421875 0.5453125 0.053125 0.0484375
0 0.9484375 0.50234375 0.06484375 0.0421875
0 0.625 0.37421875 0.053125 0.04453125
0 0.5125 0.38515625 0.06640625 0.03125
0 0.0765625 0.8453125 0.10078125 0.0734375
0 0.21328125 0.75390625 0.12890625 0.09453125
0 0.28203125 0.61796875 0.08125 0.040625
0 0.64296875 0.28984375 0.04921875 0.03828125
0 0.9296875 0.1390625 0.0875 0.059375
0 0.44453125 0.29296875 0.09609375 0.06484375
0 0.34375 0.225 0.09921875 0.06328125
0 0.23515625 0.87265625 0.053125 0.03359375
0 0.1734375 0.8328125 0.03671875 0.0234375
0 0.26640625 0.80546875 0.04921875 0.0109375
0 0.2359375 0.7359375 0.0515625 0.0359375
0 0.09765625 0.784375 0.05625 0.0234375
0 0.39921875 0.575 0.0875 0.0703125
0 0.34921875 0.51015625 0.03671875 0.09765625
0 0.3984375 0.38359375 0.05625 0.06328125
0 0.4078125 0.4328125 0.07734375 0.046875
0 0.41328125 0.4828125 0.0859375 0.0359375
0 0.4671875 0.4609375 0.0515625 0.02890625
0 0.0265625 0.59609375 0.053125 0.0171875
0 0.09921875 0.5984375 0.059375 0.03359375
0 0.1671875 0.6484375 0.03671875 0.02734375
0 0.07890625 0.52109375 0.15390625 0.04921875
0 0.11953125 0.3625 0.07109375 0.03359375
0 0.07578125 0.3046875 0.053125 0.03125
0 0.028125 0.33515625 0.05625 0.08828125
0 0.046875 0.24609375 0.09375 0.1015625
0 0.5421875 0.78671875 0.09921875 0.065625
0 0.60703125 0.8265625 0.07578125 0.02890625
0 0.65546875 0.859375 0.0515625 0.03203125
0 0.6203125 0.89609375 0.12890625 0.0484375
0 0.628125 0.9390625 0.10546875 0.0375
0 0.803125 0.8515625 0.09453125 0.05234375
0 0.71796875 0.8671875 0.03984375 0.01875
0 0.6859375 0.7625 0.10234375 0.05234375
0 0.71328125 0.80234375 0.1203125 0.02734375
0 0.79609375 0.753125 0.140625 0.1203125
0 0.88359375 0.67890625 0.084375 0.0359375
0 0.3421875 0.71953125 0.04921875 0.025
0 0.36796875 0.83203125 0.00859375 0.00234375
0 0.36875 0.828125 0.04296875 0.01953125
0 0.46875 0.67421875 0.06484375 0.04453125
0 0.5625 0.48828125 0.053125 0.04375
0 0.5125 0.60703125 0.059375 0.01875
0 0.7609375 0.16640625 0.09921875 0.0609375
0 0.7109375 0.23125 0.10546875 0.040625
0 0.7546875 0.2953125 0.13046875 0.12890625
0 0.88671875 0.37265625 0.196875 0.053125
0 0.90390625 0.43125 0.15703125 0.05546875
0 0.9671875 0.2515625 0.04921875 0.046875
0 0.17578125 0.596875 0.0515625 0.0359375
0 0.140625 0.57734375 0.0828125 0.04375
0 0.1859375 0.49765625 0.07734375 0.03125
0 0.18125 0.3953125 0.0546875 0.0375
0 0.20234375 0.66875 0.0515625 0.02578125
0 0.13984375 0.6703125 0.03125 0.03359375
0 0.09921875 0.69921875 0.07265625 0.09921875
0 0.25234375 0.5484375 0.13359375 0.06953125
0 0.70234375 0.42109375 0.1484375 0.02578125
0 0.72109375 0.4703125 0.06640625 0.05078125
0 0.6703125 0.5015625 0.1203125 0.0828125
0 0.66875 0.55234375 0.1109375 0.0859375
0 0.74453125 0.59296875 0.0578125 0.03984375
0 0.7 0.61484375 0.09453125 0.04453125
0 0.68515625 0.65703125 0.07734375 0.03984375
0 0.9609375 0.93515625 0.05 0.0296875