0 0.2421875 0.1078125 0.0953125 0.04765625
0 0.34765625 0.19765625 0.08984375 0.05
0 0.478125 0.1859375 0.04296875 0.0375
0 0.48359375 0.2296875 0.04453125 0.03671875
0 0.3109375 0.31171875 0.21171875 0.12421875
0 0.1671875 0.3015625 0.06640625 0.03828125
0 0.1484375 0.21328125 0.07265625 0.04765625
0 0.0484375 0.1203125 0.096875 0.075
0 0.64296875 0.140625 0.11875 0.0671875
0 0.671875 0.271875 0.0640625 0.065625
0 0.83671875 0.2390625 0.0890625 0.084375
0 0.8984375 0.13515625 0.0765625 0.05234375
0 0.88828125 0.09140625 0.06953125 0.05078125
0 0.91015625 0.1875 0.06015625 0.053125
0 0.965625 0.2 0.06875 0.0578125
0 0.91953125 0.2359375 0.053125 0.05859375
0 0.91328125 0.32734375 0.11484375 0.09140625
0 0.73125 0.33046875 0.05546875 0.0359375
0 0.54375 0.25859375 0.0359375 0.02890625
0 0.58046875 0.2328125 0.06328125 0.09765625
0 0.56015625 0.2890625 0.0328125 0.02734375
0 0.56953125 0.309375 0.03828125 0.025
0 0.63828125 0.33203125 0.046875 0.0375
0 0.58984375 0.35390625 0.03828125 0.03046875
0 0.6296875 0.3734375 0.03046875 0.01953125
0 0.75390625 0.23984375 0.08203125 0.10546875
0 0.67578125 0.190625 0.0625 0.0421875
0 0.70390625 0.37421875 0.0390625 0.02421875
0 0.75703125 0.4125 0.05546875 0.0265625
0 0.8 0.38984375 0.06328125 0.04140625
0 0.84375 0.4640625 0.04453125 0.084375
0 0.85078125 0.5203125 0.03515625 0.02421875
0 0.7703125 0.5578125 0.125 0.12109375
0 0.85390625 0.5828125 0.0515625 0.05
0 0.925 0.63984375 0.0578125 0.06171875
0 0.93203125 0.5546875 0.0765625 0.1109375
0 0.89375 0.43125 0.034375 0.03359375
0 0.953125 0.40625 0.09375 0.084375
0 0.23125 0.38828125 0.059375 0.0375
0 0.0828125 0.346875 0.03359375 0.02578125
0 0.0328125 0.375 0.06171875 0.0484375
0 0.03828125 0.41953125 0.03984375 0.02265625
0 0.03125 0.46875 0.0390625 0.02421875
0 0.17421875 0.421875 0.20390625 0.11640625
0 0.57734375 0.41953125 0.07265625 0.103125
0 0.678125 0.42890625 0.02421875 0.03125
0 0.71796875 0.4453125 0.06171875 0.0296875
0 0.68203125 0.47734375 0.028125 0.03515625
0 0.5109375 0.4859375 0.02734375 0.0375
0 0.3859375 0.41484375 0.140625 0.15234375
0 0.34296875 0.528125 0.06484375 0.1265625
0 0.271875 0.6109375 0.040625 0.0265625
0 0.21640625 0.6078125 0.0359375 0.0203125
0 0.22265625 0.56875 0.034375 0.02109375
0 0.16015625 0.50078125 0.18125 0.13671875
0 0.1015625 0.575 0.15390625 0.1078125
0 0.24296875 0.6453125 0.17890625 0.0734375
0 0.24609375 0.7078125 0.0953125 0.05078125
0 0.1078125 0.77421875 0.13515625 0.07578125
0 0.0625 0.715625 0.0890625 0.0640625
0 0.67109375 0.71875 0.09609375 0.12578125
0 0.74453125 0.684375 0.05 0.04375
0 0.75078125 0.74609375 0.05 0.03828125
0 0.89296875 0.7375 0.0234375 0.01640625
0 0.9578125 0.75078125 0.0796875 0.125
0 0.7890625 0.80859375 0.0296875 0.021875
0 0.7953125 0.83828125 0.03671875 0.015625
0 0.490625 0.65546875 0.06484375 0.10234375
0 0.475 0.54453125 0.05 0.0453125
0 0.46015625 0.4859375 0.04453125 0.03046875
0 0.4125 0.59453125 0.034375 0.02578125
0 0.71640625 0.88359375 0.034375 0.0359375
0 0.74140625 0.9125 0.03125 0.01953125
0 0.7265625 0.9515625 0.01484375 0.02109375
0 0.9625 0.89296875 0.04375 0.046875
0 0.95078125 0.96640625 0.03203125 0.0421875
0 0.71328125 0.98125 0.03828125 0.0359375