0 0.784375 0.1140625 0.1140625 0.0640625
0 0.75234375 0.1453125 0.0359375 0.028125
0 0.81328125 0.1609375 0.06015625 0.040625
0 0.8890625 0.2109375 0.08515625 0.109375
0 0.79921875 0.23828125 0.06328125 0.065625
0 0.496875 0.17734375 0.09453125 0.04765625
0 0.22109375 0.11796875 0.11171875 0.0625
0 0.39765625 0.09609375 0.08828125 0.053125
0 0.615625 0.16015625 0.040625 0.0375
0 0.61953125 0.19921875 0.04375 0.02890625
0 0.7171875 0.20625 0.065625 0.08984375
0 0.678125 0.23203125 0.046875 0.02734375
0 0.4234375 0.20234375 0.04609375 0.05234375
0 0.3125 0.2 0.06875 0.0484375
0 0.203125 0.2140625 0.18125 0.13046875
0 0.33203125 0.278125 0.05 0.040625
0 0.4625 0.28828125 0.19140625 0.10546875
0 0.86171875 0.303125 0.05625 0.05078125
0 0.93046875 0.359375 0.06171875 0.0390625
0 0.88203125 0.38203125 0.0578125 0.034375
0 0.84609375 0.41484375 0.0515625 0.03125
0 0.8296875 0.33828125 0.03828125 0.03203125
0 0.77109375 0.30546875 0.046875 0.03984375
0 0.71796875 0.328125 0.04765625 0.03671875
0 0.70234375 0.28125 0.04921875 0.03125
0 0.696875 0.25625 0.04453125 0.03125
0 0.6171875 0.50546875 0.0421875 0.04296875
0 0.58515625 0.5015625 0.0328125 0.021875
0 0.59296875 0.48125 0.02109375 0.0203125
0 0.5953125 0.4515625 0.0390625 0.025
0 0.646875 0.44921875 0.0359375 0.03984375
0 0.7140625 0.3875 0.0796875 0.0953125
0 0.88359375 0.52265625 0.13984375 0.1125
0 0.96796875 0.4890625 0.03203125 0.025
0 0.9671875 0.42421875 0.04375 0.08359375
0 0.965625 0.546875 0.046875 0.0375
0 0.85625 0.64296875 0.059375 0.04140625
0 0.8546875 0.703125 0.05703125 0.03671875
0 0.7796875 0.67265625 0.1046875 0.10546875
0 0.61875 0.6078125 0.065625 0.0953125
0 0.54765625 0.54921875 0.0375 0.02734375
0 0.4828125 0.484375 0.08515625 0.1125
0 0.53203125 0.37890625 0.13359375 0.14296875
0 0.440625 0.38828125 0.0515625 0.0375
0 0.38125 0.35390625 0.05546875 0.0328125
0 0.21015625 0.346875 0.08359375 0.03828125
0 0.07421875 0.3765625 0.1015625 0.04296875
0 0.034375 0.42421875 0.0296875 0.01953125
0 0.1125 0.43828125 0.040625 0.0171875
0 0.31484375 0.4546875 0.15390625 0.11640625
0 0.3375 0.38671875 0.171875 0.103125
0 0.209375 0.42890625 0.03515625 0.02421875
0 0.21015625 0.384375 0.0359375 0.02421875
0 0.36640625 0.55546875 0.03125 0.01953125
0 0.39140625 0.59140625 0.1828125 0.071875
0 0.3953125 0.6546875 0.0828125 0.04453125
0 0.27734375 0.70703125 0.1265625 0.0640625
0 0.11875 0.50546875 0.07890625 0.06875
0 0.18359375 0.540625 0.05546875 0.0453125
0 0.2625 0.52265625 0.12734375 0.0921875
0 0.23515625 0.65 0.08671875 0.03984375
0 0.1703125 0.68046875 0.05625 0.03125
0 0.10390625 0.6265625 0.109375 0.09296875
0 0.02578125 0.62578125 0.0515625 0.0328125
0 0.09609375 0.73203125 0.153125 0.05078125
0 0.8046875 0.39296875 0.028125 0.03203125
0 0.80390625 0.44296875 0.034375 0.0328125
0 0.8140625 0.8203125 0.03515625 0.03828125
0 0.8921875 0.7578125 0.03828125 0.02734375
0 0.90078125 0.7859375 0.03671875 0.0203125
0 0.83828125 0.84609375 0.0234375 0.0265625
0 0.8265625 0.8875 0.02578125 0.02421875
0 0.81484375 0.92265625 0.0421875 0.03984375
0 0.81640625 0.9796875 0.0390625 0.02421875
0 0.740625 0.9375 0.02578125 0.02578125
0 0.6890625 0.64453125 0.0296875 0.01953125
0 0.76640625 0.590625 0.02578125 0.01953125