0 0.04140625 0.2015625 0.0828125 0.17734375
0 0.11328125 0.296875 0.2265625 0.203125
0 0.3046875 0.24375 0.1265625 0.0765625
0 0.4515625 0.48125 0.0796875 0.0671875
0 0.34765625 0.38359375 0.21328125 0.18125
0 0.515625 0.35625 0.0796875 0.06328125
0 0.51953125 0.2734375 0.05625 0.05546875
0 0.465625 0.2265625 0.07578125 0.053125
0 0.47421875 0.1109375 0.246875 0.09375
0 0.6140625 0.15078125 0.1078125 0.07265625
0 0.81875 0.1546875 0.1078125 0.06484375
0 0.975 0.184375 0.05 0.04765625
0 0.7359375 0.29765625 0.06484375 0.0671875
0 0.67421875 0.3328125 0.11484375 0.06875
0 0.6625 0.49375 0.15859375 0.1265625
0 0.7921875 0.60390625 0.22421875 0.15078125
0 0.7828125 0.6640625 0.06015625 0.0328125
0 0.9375 0.5515625 0.1234375 0.234375
0 0.95 0.33359375 0.09921875 0.20390625
0 0.359375 0.6671875 0.0953125 0.05546875
0 0.44375 0.66015625 0.08125 0.04375
0 0.053125 0.6359375 0.0796875 0.0328125
0 0.05546875 0.70703125 0.1109375 0.09765625
0 0.30546875 0.75546875 0.2453125 0.06875
0 0.54609375 0.81328125 0.1375 0.075
0 0.35703125 0.83984375 0.1359375 0.0859375
0 0.21328125 0.859375 0.1265625 0.08046875
0 0.34140625 0.940625 0.0671875 0.04765625
0 0.92734375 0.92578125 0.053125 0.075
0 0.928125 0.99296875 0.0265625 0.0140625
0 0.8453125 0.88359375 0.04765625 0.01875
0 0.92265625 0.7421875 0.06875 0.04765625
0 0.865625 0.7234375 0.10546875 0.05703125
0 0.9875 0.71640625 0.025 0.03828125
0 0.90859375 0.78515625 0.05078125 0.028125
0 0.9421875 0.82421875 0.04375 0.03203125
0 0.9171875 0.86640625 0.0546875 0.03046875
0 0.58046875 0.9890625 0.03671875 0.021875