0 0.0859375 0.05 0.11640625 0.0578125
0 0.2140625 0.159375 0.11015625 0.0609375
0 0.3734375 0.1453125 0.053125 0.0453125
0 0.38046875 0.1984375 0.05390625 0.0453125
0 0.16953125 0.2984375 0.25859375 0.1515625
0 0.0171875 0.28671875 0.03359375 0.04609375
0 0.57578125 0.08984375 0.1453125 0.08203125
0 0.61015625 0.25078125 0.078125 0.08046875
0 0.81171875 0.21015625 0.10859375 0.103125
0 0.8875 0.08359375 0.09375 0.0640625
0 0.87421875 0.03046875 0.08515625 0.0609375
0 0.9015625 0.14765625 0.07421875 0.06484375
0 0.96328125 0.16171875 0.0734375 0.0703125
0 0.91328125 0.20703125 0.06484375 0.07109375
0 0.90546875 0.31796875 0.13984375 0.11171875
0 0.68359375 0.321875 0.0671875 0.04375
0 0.45390625 0.234375 0.04375 0.0359375
0 0.49921875 0.20234375 0.07734375 0.11953125
0 0.47421875 0.27109375 0.03984375 0.0328125
0 0.48515625 0.296875 0.046875 0.03125
0 0.56953125 0.32421875 0.05703125 0.0453125
0 0.51015625 0.35078125 0.046875 0.0375
0 0.55859375 0.37421875 0.0375 0.02421875
0 0.7109375 0.2109375 0.1 0.12890625
0 0.615625 0.1515625 0.07578125 0.05078125
0 0.65 0.375 0.04765625 0.0296875
0 0.71484375 0.42265625 0.06796875 0.0328125
0 0.76796875 0.39453125 0.0765625 0.05078125
0 0.82109375 0.48515625 0.05390625 0.103125
0 0.8296875 0.55390625 0.04296875 0.0296875
0 0.73125 0.6 0.153125 0.14765625
0 0.8328125 0.6296875 0.06328125 0.0609375
0 0.9203125 0.7 0.0703125 0.07578125
0 0.92890625 0.59609375 0.09375 0.13515625
0 0.88125 0.4453125 0.0421875 0.04140625
0 0.94921875 0.41484375 0.1015625 0.103125
0 0.07265625 0.39296875 0.07265625 0.04609375
0 0.06328125 0.4328125 0.1265625 0.14296875
0 0.49453125 0.43125 0.0890625 0.12578125
0 0.61875 0.4421875 0.02890625 0.03828125
0 0.6671875 0.4625 0.075 0.0359375
0 0.62265625 0.5015625 0.03359375 0.0421875
0 0.4140625 0.5125 0.0328125 0.04609375
0 0.2609375 0.425 0.171875 0.1859375
0 0.20859375 0.56328125 0.07890625 0.1546875
0 0.121875 0.66484375 0.05 0.03203125
0 0.05390625 0.6609375 0.04375 0.02421875
0 0.0609375 0.61328125 0.0421875 0.02578125
0 0.0484375 0.5296875 0.096875 0.1671875
0 0.09765625 0.70625 0.1953125 0.08984375
0 0.08984375 0.7828125 0.11640625 0.0625
0 0.61015625 0.79609375 0.1171875 0.153125
0 0.69921875 0.75390625 0.06171875 0.05390625
0 0.70703125 0.8296875 0.0609375 0.046875
0 0.88046875 0.81953125 0.028125 0.0203125
0 0.95546875 0.83515625 0.0890625 0.15234375
0 0.753125 0.90546875 0.03671875 0.0265625
0 0.76171875 0.9421875 0.04453125 0.01875
0 0.3890625 0.71953125 0.07890625 0.125
0 0.36953125 0.58359375 0.0609375 0.05546875
0 0.35234375 0.51171875 0.0546875 0.03671875
0 0.29375 0.64453125 0.0421875 0.03203125
0 0.66484375 0.9875 0.04140625 0.02421875
0 0.965625 0.98984375 0.053125 0.0203125
0 0.9765625 0.53125 0.04609375 0.06875