0 0.19609375 0.3296875 0.20078125 0.103125
0 0.88828125 0.60390625 0.2234375 0.20703125
0 0.5453125 0.134375 0.08203125 0.11640625
0 0.51953125 0.209375 0.10390625 0.04765625
0 0.4296875 0.90703125 0.171875 0.10703125
0 0.5671875 0.70078125 0.11875 0.08203125
0 0.55390625 0.5734375 0.04765625 0.0359375
0 0.49140625 0.5125 0.0328125 0.025
0 0.0734375 0.18125 0.05859375 0.04140625
0 0.2015625 0.1796875 0.0875 0.05859375
0 0.42109375 0.34296875 0.075 0.046875
0 0.96171875 0.790625 0.0765625 0.04375
0 0.978125 0.5796875 0.04375 0.053125
0 0.978125 0.53125 0.04375 0.046875
0 0.6359375 0.390625 0.05859375 0.04921875
0 0.51171875 0.40234375 0.07265625 0.034375
0 0.04296875 0.9109375 0.0859375 0.08046875
0 0.18125 0.81015625 0.1421875 0.10390625
0 0.25703125 0.66015625 0.08984375 0.0453125
0 0.65625 0.296875 0.0546875 0.0421875
0 0.96171875 0.1296875 0.0765625 0.065625
0 0.43671875 0.30078125 0.10625 0.07109375
0 0.32578125 0.22578125 0.109375 0.06953125
0 0.2046875 0.940625 0.05859375 0.03671875
0 0.1375 0.896875 0.03984375 0.02578125
0 0.23984375 0.8671875 0.0546875 0.0125
0 0.20546875 0.790625 0.05625 0.03984375
0 0.053125 0.84375 0.06171875 0.02578125
0 0.38671875 0.6125 0.096875 0.078125
0 0.33125 0.540625 0.03984375 0.10859375
0 0.3859375 0.4015625 0.06171875 0.06953125
0 0.39609375 0.45546875 0.0859375 0.05234375
0 0.40234375 0.5109375 0.0953125 0.03984375
0 0.46171875 0.4859375 0.05625 0.03125
0 0.05546875 0.63828125 0.065625 0.03671875
0 0.1296875 0.69375 0.03984375 0.03046875
0 0.05859375 0.55234375 0.1171875 0.0546875
0 0.078125 0.378125 0.07890625 0.03671875
0 0.0296875 0.31328125 0.05859375 0.034375
0 0.025 0.25 0.05 0.1125
0 0.54453125 0.84609375 0.109375 0.07265625
0 0.615625 0.890625 0.084375 0.03125
0 0.66953125 0.9265625 0.05625 0.0359375
0 0.63046875 0.9671875 0.1421875 0.053125
0 0.83203125 0.91796875 0.10390625 0.0578125
0 0.73828125 0.93515625 0.04375 0.0203125
0 0.703125 0.81953125 0.11328125 0.0578125
0 0.73359375 0.86328125 0.13359375 0.03046875
0 0.825 0.809375 0.15546875 0.1328125
0 0.921875 0.72734375 0.09296875 0.03984375
0 0.3234375 0.771875 0.0546875 0.02734375
0 0.3515625 0.89609375 0.009375 0.003125
0 0.353125 0.8921875 0.04765625 0.021875
0 0.46328125 0.72265625 0.07109375 0.04921875
0 0.56640625 0.51640625 0.05859375 0.04765625
0 0.51171875 0.64765625 0.065625 0.0203125
0 0.7859375 0.16171875 0.109375 0.0671875
0 0.73046875 0.2328125 0.1171875 0.0453125
0 0.77890625 0.303125 0.14453125 0.1421875
0 0.9078125 0.38828125 0.184375 0.0578125
0 0.928125 0.453125 0.14296875 0.06171875
0 0.99296875 0.25546875 0.01328125 0.05234375
0 0.13984375 0.63671875 0.05625 0.03984375
0 0.10078125 0.61484375 0.09140625 0.04765625
0 0.15078125 0.52734375 0.0859375 0.034375
0 0.1453125 0.4140625 0.06015625 0.04140625
0 0.16953125 0.71640625 0.05625 0.02890625
0 0.1 0.71796875 0.034375 0.03671875
0 0.05546875 0.75 0.08046875 0.109375
0 0.22421875 0.5828125 0.14765625 0.0765625
0 0.721875 0.4421875 0.1640625 0.02890625
0 0.74140625 0.496875 0.07265625 0.05625
0 0.6859375 0.53125 0.13359375 0.09140625
0 0.684375 0.5875 0.12265625 0.09453125
0 0.76796875 0.63203125 0.0640625 0.04375
0 0.71875 0.65703125 0.10390625 0.04921875
0 0.70234375 0.703125 0.0859375 0.04375
0 0.009375 0.78515625 0.01875 0.03828125