0 0.3734375 0.22265625 0.11875 0.1328125
0 0.61875 0.29765625 0.34375 0.29765625
0 0.40078125 0.58046875 0.09765625 0.0796875
0 0.315625 0.47578125 0.1421875 0.0859375
0 0.30078125 0.5375 0.0796875 0.065625
0 0.1671875 0.49140625 0.1359375 0.084375
0 0.0359375 0.37109375 0.06796875 0.0671875
0 0.27421875 0.0984375 0.13203125 0.0703125
0 0.075 0.07109375 0.06796875 0.02109375
0 0.48515625 0.03828125 0.146875 0.0765625
0 0.81875 0.078125 0.32734375 0.15625
0 0.9265625 0.55703125 0.146875 0.08671875
0 0.5171875 0.9390625 0.43984375 0.121875
0 0.86328125 0.7453125 0.2734375 0.246875