0 0.4640625 0.07578125 0.0875 0.0421875
0 0.46640625 0.121875 0.1125 0.05703125
0 0.46640625 0.178125 0.065625 0.05390625
0 0.54765625 0.175 0.09609375 0.04375
0 0.4765625 0.2296875 0.0625 0.04453125
0 0.359375 0.24765625 0.10234375 0.08125
0 0.203125 0.18671875 0.06953125 0.04765625
0 0.1921875 0.2203125 0.02421875 0.01640625
0 0.22734375 0.23125 0.04765625 0.034375
0 0.2421875 0.30546875 0.05078125 0.06015625
0 0.2875 0.353125 0.0421875 0.03984375
0 0.3390625 0.40234375 0.046875 0.04140625
0 0.2796875 0.396875 0.02734375 0.02734375
0 0.3125 0.4296875 0.03125 0.02265625
0 0.34609375 0.46484375 0.05546875 0.078125
0 0.42734375 0.55859375 0.1078125 0.10625
0 0.56953125 0.43828125 0.04296875 0.02265625
0 0.4046875 0.4359375 0.04765625 0.0390625
0 0.45234375 0.32421875 0.16875 0.09765625
0 0.57734375 0.3046875 0.0953125 0.08046875
0 0.6625 0.30703125 0.0796875 0.07421875
0 0.646875 0.12109375 0.053125 0.0484375
0 0.703125 0.23125 0.03984375 0.04453125
0 0.56953125 0.55234375 0.07578125 0.05859375
0 0.54921875 0.48203125 0.14765625 0.08125
0 0.13828125 0.2453125 0.0328125 0.0375
0 0.1453125 0.28359375 0.0375 0.03125
0 0.028125 0.27890625 0.05625 0.03125
0 0.14375 0.453125 0.090625 0.12890625
0 0.15390625 0.55234375 0.10234375 0.1109375
0 0.0765625 0.596875 0.03125 0.0171875
0 0.1375 0.62890625 0.0359375 0.02578125
0 0.25625 0.6078125 0.0265625 0.025
0 0.25 0.5109375 0.05078125 0.03203125
0 0.1625 0.71171875 0.0765625 0.0484375
0 0.09453125 0.62890625 0.0296875 0.021875
0 0.07890625 0.76796875 0.090625 0.059375
0 0.0234375 0.7171875 0.046875 0.0484375
0 0.6765625 0.375 0.05546875 0.05625
0 0.48828125 0.39609375 0.1484375 0.084375
0 0.13359375 0.65703125 0.14296875 0.059375
0 0.54296875 0.71640625 0.11484375 0.06328125
0 0.603125 0.646875 0.07421875 0.07265625
0 0.4125 0.640625 0.08203125 0.059375
0 0.43046875 0.746875 0.10859375 0.13515625
0 0.41796875 0.890625 0.06328125 0.0421875
0 0.3859375 0.953125 0.0296875 0.05
0 0.3609375 0.73203125 0.04140625 0.03125
0 0.678125 0.640625 0.075 0.07578125
0 0.65390625 0.73359375 0.0265625 0.01796875
0 0.68125 0.75546875 0.03125 0.0171875
0 0.6734375 0.715625 0.0734375 0.05546875
0 0.58515625 0.803125 0.13671875 0.09296875
0 0.66953125 0.87578125 0.04453125 0.04296875
0 0.7171875 0.9125 0.0796875 0.07890625
0 0.67421875 0.94453125 0.0390625 0.0328125
0 0.60859375 0.98203125 0.1296875 0.0359375
0 0.6734375 0.45390625 0.07421875 0.10859375
0 0.63203125 0.3953125 0.025 0.02890625
0 0.06640625 0.4671875 0.0375 0.0296875
0 0.01640625 0.44921875 0.0328125 0.0265625
0 0.05390625 0.37265625 0.1078125 0.1109375
0 0.7828125 0.7375 0.0671875 0.06328125
0 0.35546875 0.52578125 0.03046875 0.0265625
0 0.35234375 0.584375 0.02578125 0.0375
0 0.3 0.82421875 0.0171875 0.0203125
0 0.2953125 0.796875 0.0125 0.0234375
0 0.278125 0.74765625 0.040625 0.040625
0 0.28125 0.6890625 0.034375 0.0453125
0 0.3109375 0.56796875 0.06796875 0.11484375
0 0.9375 0.43203125 0.05859375 0.06015625
0 0.97578125 0.47421875 0.040625 0.05390625
0 0.9734375 0.5203125 0.03828125 0.01171875
0 0.95390625 0.70234375 0.05703125 0.0609375
0 0.90703125 0.71328125 0.03046875 0.03828125
0 0.89140625 0.671875 0.05 0.03125
0 0.83671875 0.76953125 0.0515625 0.03828125
0 0.8953125 0.821875 0.0265625 0.01484375
0 0.94375 0.79296875 0.028125 0.02109375
0 0.8953125 0.796875 0.02421875 0.01796875
0 0.98203125 0.78125 0.03515625 0.034375
0 0.99453125 0.828125 0.0109375 0.0171875
0 0.85234375 0.80546875 0.04296875 0.03515625
0 0.76640625 0.63984375 0.05078125 0.046875
0 0.81015625 0.571875 0.0578125 0.0546875
0 0.865625 0.58125 0.03671875 0.025
0 0.80703125 0.51328125 0.040625 0.0421875
0 0.82421875 0.453125 0.02265625 0.028125
0 0.86484375 0.44296875 0.07578125 0.0765625
0 0.77734375 0.41171875 0.040625 0.02421875
0 0.7640625 0.38203125 0.0296875 0.02890625
0 0.79765625 0.38515625 0.02421875 0.0234375
0 0.77734375 0.46171875 0.0421875 0.03515625
0 0.96328125 0.621875 0.046875 0.03828125
0 0.828125 0.7140625 0.02578125 0.0265625
0 0.92578125 0.5796875 0.0140625 0.021875
0 0.9390625 0.5484375 0.01640625 0.0109375
0 0.97109375 0.56015625 0.01875 0.021875
0 0.94375 0.5265625 0.021875 0.01875
0 0.8953125 0.49453125 0.07578125 0.06015625
0 0.9171875 0.51796875 0.0765625 0.05078125
0 0.87578125 0.54921875 0.0125 0.0203125
0 0.90703125 0.61328125 0.021875 0.0125
0 0.87578125 0.60546875 0.02109375 0.01953125
0 0.875 0.63125 0.01953125 0.015625
0 0.75078125 0.684375 0.01640625 0.0125
0 0.95859375 0.66328125 0.01796875 0.01171875
0 0.9984375 0.6265625 0.00234375 0.0109375
0 0.91640625 0.7390625 0.01015625 0.00859375
0 0.89140625 0.73984375 0.01328125 0.009375
0 0.878125 0.72734375 0.028125 0.01796875
0 0.86796875 0.709375 0.015625 0.00859375
0 0.98046875 0.809375 0.015625 0.0078125
0 0.78046875 0.6015625 0.03203125 0.02109375
0 0.73515625 0.4765625 0.02265625 0.01640625
0 0.0234375 0.609375 0.046875 0.07734375
0 0.0390625 0.53828125 0.078125 0.11015625
0 0.0390625 0.484375 0.078125 0.09140625
0 0.265625 0.88984375 0.0125 0.01875
0 0.00625 0.796875 0.0125 0.02890625
0 0.746875 0.19453125 0.0515625 0.06640625
0 0.73359375 0.2828125 0.05 0.0765625
0 0.996875 0.4859375 0.00625 0.015625
0 0.28828125 0.26640625 0.07109375 0.08828125