0 0.84375 0.09921875 0.12265625 0.06953125
0 0.80859375 0.1328125 0.0390625 0.03046875
0 0.87421875 0.14921875 0.06484375 0.04375
0 0.9546875 0.20234375 0.090625 0.1171875
0 0.859375 0.23359375 0.06875 0.07109375
0 0.53359375 0.1671875 0.10234375 0.05078125
0 0.2359375 0.103125 0.1203125 0.06796875
0 0.4265625 0.0796875 0.0953125 0.0578125
0 0.66171875 0.1484375 0.04375 0.040625
0 0.665625 0.190625 0.04765625 0.03125
0 0.77109375 0.1984375 0.0703125 0.096875
0 0.72890625 0.2265625 0.05 0.0296875
0 0.45390625 0.19375 0.05 0.05625
0 0.334375 0.1921875 0.07421875 0.0515625
0 0.21640625 0.20703125 0.1953125 0.140625
0 0.35625 0.27578125 0.05390625 0.04375
0 0.496875 0.28671875 0.20703125 0.11328125
0 0.9265625 0.303125 0.0609375 0.0546875
0 0.98359375 0.36328125 0.0328125 0.04140625
0 0.94921875 0.3875 0.0625 0.03671875
0 0.909375 0.4234375 0.05546875 0.03359375
0 0.8921875 0.34140625 0.04140625 0.03515625
0 0.82890625 0.3046875 0.05078125 0.04296875
0 0.771875 0.3296875 0.0515625 0.0390625
0 0.7546875 0.27890625 0.053125 0.03359375
0 0.74921875 0.25234375 0.04765625 0.03359375
0 0.66328125 0.52109375 0.0453125 0.04609375
0 0.62890625 0.5171875 0.0359375 0.0234375
0 0.63671875 0.4953125 0.02265625 0.021875
0 0.6390625 0.4625 0.0421875 0.0265625
0 0.6953125 0.46015625 0.03828125 0.04296875
0 0.76796875 0.39375 0.0859375 0.10234375
0 0.9375 0.5390625 0.125 0.12109375
0 0.92109375 0.66953125 0.0640625 0.04453125
0 0.91953125 0.734375 0.0609375 0.03984375
0 0.83828125 0.7015625 0.11328125 0.11328125
0 0.66484375 0.63203125 0.07109375 0.10234375
0 0.58828125 0.56875 0.040625 0.0296875
0 0.51875 0.4984375 0.0921875 0.12109375
0 0.57109375 0.38515625 0.14453125 0.1546875
0 0.47265625 0.39453125 0.05546875 0.03984375
0 0.409375 0.3578125 0.06015625 0.03515625
0 0.22421875 0.35 0.08984375 0.04140625
0 0.07734375 0.38203125 0.109375 0.046875
0 0.034375 0.43359375 0.03203125 0.02109375
0 0.11953125 0.4484375 0.04375 0.01796875
0 0.3375 0.46640625 0.16640625 0.12578125
0 0.36171875 0.39296875 0.1859375 0.11171875
0 0.2234375 0.43828125 0.0375 0.0265625
0 0.2234375 0.38984375 0.0390625 0.02578125
0 0.3921875 0.575 0.03359375 0.02109375
0 0.41953125 0.6140625 0.196875 0.07734375
0 0.4234375 0.68203125 0.0890625 0.0484375
0 0.29609375 0.73828125 0.13671875 0.06953125
0 0.12578125 0.52109375 0.08515625 0.0734375
0 0.1953125 0.559375 0.06015625 0.0484375
0 0.28046875 0.5390625 0.1375 0.09921875
0 0.25078125 0.6765625 0.09375 0.04296875
0 0.18125 0.71015625 0.0609375 0.03359375
0 0.109375 0.65234375 0.11796875 0.10078125
0 0.0265625 0.6515625 0.053125 0.0359375
0 0.1015625 0.765625 0.16484375 0.0546875
0 0.86484375 0.4 0.03046875 0.03515625
0 0.86484375 0.45390625 0.03671875 0.03515625
0 0.87578125 0.8609375 0.0375 0.04140625
0 0.959375 0.79296875 0.04140625 0.0296875
0 0.96875 0.8234375 0.03984375 0.021875
0 0.9015625 0.8890625 0.025 0.028125
0 0.8890625 0.93359375 0.02734375 0.0265625
0 0.8765625 0.97109375 0.0453125 0.04296875
0 0.79609375 0.98671875 0.028125 0.0265625
0 0.740625 0.67109375 0.03203125 0.02109375
0 0.82421875 0.6125 0.02734375 0.02109375
0 0.046875 0.16796875 0.09375 0.06796875
0 0.04296875 0.29296875 0.0859375 0.0984375
0 0.03828125 0.08046875 0.07578125 0.0328125
0 0.0203125 0.51015625 0.040625 0.1078125
0 0.071875 0.51640625 0.0234375 0.01875
0 0.81484375 0.3421875 0.03359375 0.03515625