0 0.2046875 0.31875 0.18828125 0.09609375
0 0.86328125 0.57578125 0.2265625 0.19453125
0 0.5328125 0.13515625 0.07734375 0.109375
0 0.509375 0.20546875 0.09765625 0.0453125
0 0.42421875 0.8609375 0.1609375 0.1
0 0.55390625 0.66640625 0.11171875 0.07734375
0 0.540625 0.546875 0.04453125 0.03359375
0 0.4828125 0.490625 0.03125 0.0234375
0 0.08984375 0.17890625 0.0546875 0.03828125
0 0.21015625 0.17734375 0.08203125 0.05546875
0 0.41640625 0.33125 0.0703125 0.04375
0 0.92578125 0.7515625 0.0734375 0.04140625
0 0.946875 0.553125 0.0546875 0.05
0 0.953125 0.50859375 0.0671875 0.04375
0 0.61796875 0.37578125 0.0546875 0.04609375
0 0.5015625 0.38671875 0.06875 0.03203125
0 0.05078125 0.8640625 0.1015625 0.07578125
0 0.190625 0.76953125 0.13359375 0.09765625
0 0.2625 0.62890625 0.084375 0.0421875
0 0.63671875 0.28828125 0.0515625 0.03984375
0 0.934375 0.13203125 0.090625 0.06171875
0 0.43125 0.29140625 0.09921875 0.0671875
0 0.3265625 0.22109375 0.103125 0.065625
0 0.21328125 0.8921875 0.0546875 0.034375
0 0.15 0.8515625 0.0375 0.02421875
0 0.24609375 0.82265625 0.0515625 0.01171875
0 0.2140625 0.75078125 0.053125 0.0375
0 0.07109375 0.80078125 0.05859375 0.02421875
0 0.38359375 0.58359375 0.090625 0.0734375
0 0.33125 0.5171875 0.0375 0.1015625
0 0.3828125 0.3859375 0.05859375 0.065625
0 0.3921875 0.43671875 0.08046875 0.04921875
0 0.3984375 0.48828125 0.0890625 0.0375
0 0.45390625 0.465625 0.053125 0.0296875
0 0.0125 0.60625 0.025 0.01796875
0 0.07265625 0.6078125 0.06171875 0.034375
0 0.14296875 0.66015625 0.0375 0.028125
0 0.065625 0.528125 0.13125 0.0515625
0 0.09375 0.3640625 0.0734375 0.034375
0 0.0484375 0.303125 0.0546875 0.03203125
0 0.0140625 0.33515625 0.028125 0.09140625
0 0.03359375 0.24375 0.0671875 0.10546875
0 0.53203125 0.80390625 0.103125 0.06796875
0 0.59921875 0.84453125 0.07890625 0.0296875
0 0.65 0.87890625 0.053125 0.03359375
0 0.6125 0.91640625 0.13359375 0.05
0 0.62109375 0.9609375 0.109375 0.03828125
0 0.80234375 0.87109375 0.09765625 0.05390625
0 0.7140625 0.8875 0.04140625 0.01953125
0 0.68125 0.77890625 0.10625 0.05390625
0 0.709375 0.81953125 0.125 0.028125
0 0.7953125 0.76875 0.14609375 0.125
0 0.8859375 0.69140625 0.0875 0.0375
0 0.325 0.73359375 0.0515625 0.02578125
0 0.3515625 0.85078125 0.00859375 0.00234375
0 0.35234375 0.846875 0.04453125 0.0203125
0 0.45625 0.6875 0.0671875 0.04609375
0 0.553125 0.49375 0.0546875 0.0453125
0 0.5015625 0.6171875 0.06171875 0.01953125
0 0.75859375 0.1609375 0.103125 0.06328125
0 0.70703125 0.22734375 0.109375 0.0421875
0 0.75234375 0.29375 0.13515625 0.13359375
0 0.88984375 0.37421875 0.20390625 0.05546875
0 0.90703125 0.434375 0.16328125 0.0578125
0 0.97265625 0.2484375 0.0515625 0.04921875
0 0.15234375 0.60703125 0.053125 0.0375
0 0.115625 0.5859375 0.0859375 0.0453125
0 0.1625 0.50390625 0.08046875 0.03203125
0 0.1578125 0.39765625 0.05625 0.03828125
0 0.1796875 0.68125 0.053125 0.02734375
0 0.11484375 0.6828125 0.0328125 0.034375
0 0.07265625 0.71328125 0.07578125 0.103125
0 0.23125 0.55625 0.1390625 0.071875
0 0.6984375 0.42421875 0.1546875 0.02734375
0 0.7171875 0.47578125 0.06875 0.05234375
0 0.66484375 0.5078125 0.125 0.0859375
0 0.66328125 0.5609375 0.11484375 0.0890625
0 0.7421875 0.60234375 0.06015625 0.04140625
0 0.69609375 0.62578125 0.09765625 0.04609375
0 0.68046875 0.66953125 0.08046875 0.04140625
0 0.96640625 0.95703125 0.0515625 0.03125
0 0.01953125 0.74609375 0.03828125 0.0359375
0 0.98359375 0.62109375 0.03203125 0.03203125
0 0.990625 0.66953125 0.01875 0.03125
0 0.9765625 0.7015625 0.046875 0.034375