0 0.1953125 0.146875 0.078125 0.05546875
0 0.3078125 0.16875 0.0546875 0.04375
0 0.37890625 0.19609375 0.140625 0.0296875
0 0.6 0.16953125 0.11875 0.065625
0 0.59375 0.28046875 0.19375 0.15
0 0.71875 0.23515625 0.08125 0.0359375
0 0.84453125 0.22265625 0.0703125 0.04140625
0 0.9375 0.1703125 0.11484375 0.04375
0 0.79765625 0.1046875 0.1046875 0.05078125
0 0.30078125 0.2546875 0.1296875 0.07109375
0 0.42890625 0.27109375 0.09296875 0.0609375
0 0.08125 0.1734375 0.11484375 0.0625
0 0.05546875 0.303125 0.1109375 0.13515625
0 0.16328125 0.3109375 0.10234375 0.0796875
0 0.14609375 0.24609375 0.05859375 0.065625
0 0.23359375 0.3046875 0.053125 0.053125
0 0.24609375 0.365625 0.053125 0.05234375
0 0.31640625 0.36953125 0.04921875 0.0328125
0 0.3515625 0.3375 0.07265625 0.0296875
0 0.31171875 0.309375 0.046875 0.03203125
0 0.16640625 0.44609375 0.12109375 0.13828125
0 0.32734375 0.47265625 0.03828125 0.021875
0 0.47109375 0.475 0.09296875 0.05703125
0 0.07578125 0.446875 0.04453125 0.0296875
0 0.08984375 0.496875 0.025 0.0203125
0 0.03203125 0.44609375 0.0640625 0.0859375
0 0.26328125 0.52265625 0.04609375 0.03046875
0 0.196875 0.5203125 0.025 0.015625
0 0.17421875 0.5953125 0.115625 0.0671875
0 0.4078125 0.61171875 0.08671875 0.1046875
0 0.53515625 0.61640625 0.0765625 0.0734375
0 0.70234375 0.63359375 0.1515625 0.10625
0 0.75078125 0.5421875 0.18515625 0.14453125
0 0.828125 0.61875 0.040625 0.02109375
0 0.8890625 0.66953125 0.04375 0.03046875
0 0.8296875 0.66484375 0.04296875 0.02421875
0 0.66328125 0.3890625 0.03671875 0.0296875
0 0.8921875 0.309375 0.215625 0.1625
0 0.81796875 0.41171875 0.06875 0.046875
0 0.6125 0.42734375 0.075 0.0515625
0 0.61953125 0.47265625 0.04296875 0.021875
0 0.62109375 0.52265625 0.0375 0.025
0 0.51328125 0.54609375 0.0375 0.0171875
0 0.4359375 0.53671875 0.0265625 0.0140625
0 0.37109375 0.546875 0.03046875 0.015625
0 0.06015625 0.63828125 0.11953125 0.0796875
0 0.103125 0.6953125 0.0265625 0.0125
0 0.19140625 0.67578125 0.07265625 0.0484375
0 0.1421875 0.71484375 0.05859375 0.034375
0 0.29921875 0.73515625 0.09296875 0.0953125
0 0.296875 0.57578125 0.09921875 0.08203125
0 0.27109375 0.56484375 0.03359375 0.0296875
0 0.45 0.76484375 0.05390625 0.0296875
0 0.5125 0.7546875 0.10859375 0.09921875
0 0.67265625 0.78203125 0.0921875 0.0609375
0 0.86953125 0.7125 0.2125 0.09140625
0 0.87890625 0.7859375 0.1125 0.0640625
0 0.73046875 0.85390625 0.146875 0.0796875
0 0.52421875 0.87890625 0.20390625 0.053125
0 0.396875 0.8328125 0.05078125 0.03046875
0 0.27890625 0.82734375 0.1296875 0.04375
0 0.2265625 0.86015625 0.03046875 0.02578125
0 0.20859375 0.90625 0.03671875 0.0265625
0 0.04375 0.7859375 0.065625 0.046875
0 0.02421875 0.83984375 0.04296875 0.02890625
0 0.0046875 0.73671875 0.00859375 0.02421875
0 0.05234375 0.7390625 0.04140625 0.0234375
0 0.09140625 0.7515625 0.034375 0.02421875
0 0.8953125 0.4453125 0.06484375 0.0375
0 0.39375 0.36640625 0.0484375 0.034375
0 0.29140625 0.44765625 0.0625 0.0328125
0 0.96640625 0.56640625 0.06640625 0.15390625
0 0.97421875 0.4421875 0.0515625 0.1359375