0 0.2234375 0.2078125 0.08515625 0.0609375
0 0.346875 0.23125 0.06015625 0.04765625
0 0.42421875 0.26171875 0.153125 0.0328125
0 0.66640625 0.2328125 0.13046875 0.071875
0 0.659375 0.353125 0.21171875 0.1640625
0 0.79609375 0.3046875 0.0890625 0.0390625
0 0.93359375 0.290625 0.07734375 0.0453125
0 0.9859375 0.23359375 0.028125 0.04765625
0 0.88203125 0.16171875 0.1140625 0.05546875
0 0.3390625 0.325 0.14140625 0.078125
0 0.47890625 0.34375 0.1015625 0.06640625
0 0.0984375 0.23671875 0.125 0.06875
0 0.065625 0.378125 0.13125 0.14765625
0 0.18828125 0.38671875 0.11171875 0.08671875
0 0.16953125 0.315625 0.0640625 0.07109375
0 0.265625 0.38046875 0.0578125 0.0578125
0 0.27890625 0.446875 0.0578125 0.05703125
0 0.35625 0.4515625 0.05390625 0.0359375
0 0.39453125 0.415625 0.0796875 0.03203125
0 0.35078125 0.38515625 0.0515625 0.034375
0 0.1921875 0.53515625 0.13203125 0.1515625
0 0.36796875 0.56328125 0.04140625 0.02421875
0 0.525 0.565625 0.1015625 0.06171875
0 0.09296875 0.5359375 0.0484375 0.03203125
0 0.1078125 0.58984375 0.02734375 0.021875
0 0.03984375 0.53515625 0.0796875 0.09453125
0 0.29765625 0.61796875 0.05078125 0.03359375
0 0.22578125 0.615625 0.02734375 0.01640625
0 0.2 0.69765625 0.1265625 0.0734375
0 0.45546875 0.71640625 0.0953125 0.1140625
0 0.5953125 0.7203125 0.08359375 0.0796875
0 0.77734375 0.73984375 0.165625 0.115625
0 0.83046875 0.63984375 0.20234375 0.1578125
0 0.91484375 0.7234375 0.04453125 0.02265625
0 0.978125 0.778125 0.04375 0.034375
0 0.91640625 0.7734375 0.046875 0.0265625
0 0.73515625 0.471875 0.03984375 0.03203125
0 0.934375 0.3859375 0.13125 0.178125
0 0.90390625 0.496875 0.075 0.0515625
0 0.6796875 0.5140625 0.08203125 0.05625
0 0.6875 0.56328125 0.04765625 0.02421875
0 0.6890625 0.61796875 0.040625 0.02734375
0 0.57109375 0.64453125 0.040625 0.01953125
0 0.4859375 0.63359375 0.02890625 0.015625
0 0.415625 0.6453125 0.03359375 0.0171875
0 0.0703125 0.74375 0.140625 0.0875
0 0.12265625 0.80703125 0.02890625 0.01328125
0 0.21953125 0.7859375 0.0796875 0.053125
0 0.165625 0.828125 0.0640625 0.0375
0 0.3375 0.85078125 0.1015625 0.10390625
0 0.334375 0.6765625 0.10859375 0.08984375
0 0.30625 0.66484375 0.03671875 0.0328125
0 0.50234375 0.8828125 0.059375 0.0328125
0 0.5703125 0.871875 0.11875 0.10859375
0 0.7453125 0.9015625 0.10078125 0.06640625
0 0.921875 0.82578125 0.15546875 0.09921875
0 0.9546875 0.90625 0.090625 0.06953125
0 0.80859375 0.96796875 0.1609375 0.0640625
0 0.58359375 0.9890625 0.22265625 0.021875
0 0.44375 0.9578125 0.05546875 0.03359375
0 0.31484375 0.9515625 0.14140625 0.04765625
0 0.25703125 0.9859375 0.0328125 0.028125
0 0.0578125 0.90546875 0.071875 0.05078125
0 0.03671875 0.96484375 0.046875 0.03125
0 0.01015625 0.85234375 0.01953125 0.02578125
0 0.06796875 0.85546875 0.0453125 0.02578125
0 0.11015625 0.86875 0.0375 0.0265625
0 0.00546875 0.82578125 0.0109375 0.02265625
0 0.9765625 0.53359375 0.04609375 0.04140625
0 0.440625 0.44765625 0.053125 0.03828125
0 0.32890625 0.5359375 0.06875 0.0359375