0 0.259375 0.17109375 0.06953125 0.04921875
0 0.36015625 0.190625 0.04921875 0.0390625
0 0.4234375 0.215625 0.12578125 0.0265625
0 0.62109375 0.19140625 0.10625 0.05859375
0 0.615625 0.290625 0.1734375 0.134375
0 0.72734375 0.25078125 0.07265625 0.03203125
0 0.83984375 0.2390625 0.06328125 0.0375
0 0.92265625 0.1921875 0.10234375 0.0390625
0 0.7984375 0.13359375 0.09375 0.0453125
0 0.35390625 0.2671875 0.115625 0.0640625
0 0.46796875 0.2828125 0.08359375 0.0546875
0 0.15703125 0.1953125 0.10234375 0.05625
0 0.10546875 0.3109375 0.15703125 0.1203125
0 0.23046875 0.31796875 0.09140625 0.07109375
0 0.21484375 0.26015625 0.05234375 0.05859375
0 0.29375 0.3125 0.04765625 0.04765625
0 0.3046875 0.3671875 0.04765625 0.046875
0 0.36796875 0.3703125 0.04375 0.0296875
0 0.39921875 0.34140625 0.06484375 0.0265625
0 0.36328125 0.31640625 0.0421875 0.028125
0 0.23359375 0.4390625 0.1078125 0.12421875
0 0.37734375 0.4625 0.034375 0.01953125
0 0.50546875 0.46484375 0.08359375 0.05078125
0 0.15234375 0.43984375 0.03984375 0.0265625
0 0.16484375 0.484375 0.021875 0.01796875
0 0.02109375 0.503125 0.02734375 0.0140625
0 0.0234375 0.39453125 0.0328125 0.025
0 0.09453125 0.4390625 0.09375 0.07734375
0 0.3203125 0.50703125 0.04140625 0.02734375
0 0.2609375 0.50546875 0.02265625 0.01328125
0 0.23984375 0.571875 0.103125 0.06015625
0 0.44921875 0.5875 0.078125 0.09296875
0 0.56328125 0.59140625 0.06875 0.065625
0 0.7125 0.60703125 0.13515625 0.09453125
0 0.75546875 0.525 0.165625 0.1296875
0 0.825 0.59296875 0.0359375 0.01875
0 0.8796875 0.6390625 0.03984375 0.02734375
0 0.8265625 0.634375 0.03828125 0.021875
0 0.67734375 0.3875 0.0328125 0.0265625
0 0.89296875 0.31640625 0.2140625 0.1453125
0 0.815625 0.4078125 0.06171875 0.0421875
0 0.63203125 0.421875 0.0671875 0.04609375
0 0.6390625 0.4625 0.0390625 0.01953125
0 0.63984375 0.50703125 0.03359375 0.02265625
0 0.54375 0.52890625 0.03359375 0.015625
0 0.47421875 0.51953125 0.02421875 0.0125
0 0.41640625 0.52890625 0.02734375 0.0140625
0 0.046875 0.58359375 0.02109375 0.02109375
0 0.1265625 0.6109375 0.13125 0.07109375
0 0.1765625 0.66171875 0.0234375 0.0109375
0 0.25546875 0.64453125 0.06484375 0.04375
0 0.21171875 0.67890625 0.05234375 0.03046875
0 0.35234375 0.696875 0.0828125 0.08515625
0 0.35 0.5546875 0.0890625 0.0734375
0 0.32734375 0.5453125 0.03046875 0.0265625
0 0.4875 0.72421875 0.0484375 0.0265625
0 0.54296875 0.71484375 0.096875 0.08828125
0 0.6859375 0.7390625 0.08203125 0.0546875
0 0.8625 0.67734375 0.18984375 0.08125
0 0.8703125 0.74296875 0.10078125 0.05703125
0 0.7375 0.803125 0.13203125 0.071875
0 0.55390625 0.82578125 0.18203125 0.046875
0 0.4390625 0.78515625 0.0453125 0.02734375
0 0.334375 0.7796875 0.115625 0.0390625
0 0.2875 0.809375 0.02734375 0.0234375
0 0.27109375 0.85 0.0328125 0.02421875
0 0.1234375 0.7421875 0.05859375 0.04140625
0 0.04765625 0.759375 0.0296875 0.01875
0 0.05390625 0.79296875 0.07109375 0.04765625
0 0.10625 0.790625 0.03828125 0.02578125
0 0.08046875 0.6984375 0.025 0.02109375
0 0.13203125 0.70078125 0.0375 0.02109375
0 0.16640625 0.7125 0.03046875 0.02109375
0 0.06875 0.67734375 0.034375 0.01796875
0 0.05234375 0.65078125 0.0546875 0.02890625
0 0.04609375 0.69140625 0.01953125 0.01875
0 0.02890625 0.70078125 0.01875 0.0203125
0 0.034375 0.71875 0.02734375 0.01328125
0 0.88515625 0.43828125 0.0578125 0.03359375
0 0.43671875 0.36796875 0.04375 0.03125
0 0.3453125 0.43984375 0.05625 0.02890625
0 0.95546875 0.546875 0.07265625 0.1375
0 0.96640625 0.43515625 0.0671875 0.121875
0 0.034375 0.540625 0.06875 0.04375
0 0.01171875 0.33828125 0.0234375 0.03671875
0 0.01640625 0.27578125 0.0328125 0.0234375