0 0.1890625 0.01015625 0.103125 0.0203125
0 0.29921875 0.015625 0.03671875 0.03125
0 0.3046875 0.0625 0.04296875 0.04765625
0 0.509375 0.03828125 0.1140625 0.07578125
0 0.5328125 0.0890625 0.06171875 0.0390625
0 0.5921875 0.1640625 0.06328125 0.121875
0 0.5109375 0.17578125 0.0625 0.0703125
0 0.42265625 0.10703125 0.05625 0.1203125
0 0.11015625 0.1125 0.21953125 0.1390625
0 0.1140625 0.27578125 0.18515625 0.16328125
0 0.1484375 0.36171875 0.05078125 0.0390625
0 0.2046875 0.37421875 0.0484375 0.04140625
0 0.01171875 0.2546875 0.0234375 0.0390625
0 0.3578125 0.12109375 0.05703125 0.03828125
0 0.36640625 0.1578125 0.05390625 0.03359375
0 0.37265625 0.18359375 0.046875 0.025
0 0.38515625 0.24453125 0.053125 0.028125
0 0.46171875 0.23828125 0.046875 0.03515625
0 0.51953125 0.29609375 0.0328125 0.0234375
0 0.425 0.271875 0.0296875 0.0203125
0 0.33671875 0.31015625 0.0921875 0.115625
0 0.1328125 0.4390625 0.06015625 0.05078125
0 0.0140625 0.3984375 0.028125 0.16015625
0 0.53046875 0.36953125 0.046875 0.03125
0 0.56484375 0.48515625 0.115625 0.11640625
0 0.63671875 0.51484375 0.046875 0.04375
0 0.634375 0.45625 0.0375 0.02578125
0 0.63515625 0.39921875 0.04609375 0.07890625
0 0.56171875 0.33984375 0.0375 0.028125
0 0.11484375 0.565625 0.121875 0.11484375
0 0.03671875 0.4953125 0.0265625 0.025
0 0.234375 0.62578125 0.07578125 0.07734375
0 0.2265625 0.67265625 0.0265625 0.025
0 0.18515625 0.61640625 0.01875 0.0171875
0 0.53671875 0.603125 0.05390625 0.0359375
0 0.4609375 0.63828125 0.09375 0.12265625
0 0.35 0.615625 0.02421875 0.0171875
0 0.4390625 0.5546875 0.0203125 0.0171875
0 0.48203125 0.39609375 0.02890625 0.0234375
0 0.4796875 0.34140625 0.028125 0.025
0 0.67578125 0.565625 0.0203125 0.05234375
0 0.6546875 0.64765625 0.02265625 0.021875
0 0.69375 0.665625 0.04453125 0.109375
0 0.56640625 0.7171875 0.02265625 0.025
0 0.5390625 0.66328125 0.0359375 0.040625
0 0.09296875 0.8265625 0.05703125 0.05859375
0 0.671875 0.0375 0.0375 0.0578125
0 0.67578125 0.08671875 0.03203125 0.0546875
0 0.678125 0.134375 0.0359375 0.0375
0 0.65546875 0.1796875 0.05 0.05625
0 0.68203125 0.2796875 0.06171875 0.08671875
0 0.72578125 0.29453125 0.05 0.0546875
0 0.690625 0.1953125 0.028125 0.0453125
0 0.69765625 0.36171875 0.06015625 0.06875
0 0.66875 0.38125 0.034375 0.03359375
0 0.709375 0.40234375 0.02109375 0.02734375
0 0.721875 0.4453125 0.06015625 0.06328125
0 0.6796875 0.490625 0.03984375 0.096875
0 0.7234375 0.5 0.04296875 0.03671875
0 0.728125 0.575 0.03203125 0.04765625
0 0.7125 0.6296875 0.0234375 0.04140625
0 0.73671875 0.703125 0.04140625 0.0609375
0 0.5734375 0.740625 0.02265625 0.0140625