0 0.28125 0.30625 0.196875 0.21015625
0 0.29765625 0.09296875 0.15546875 0.13046875
0 0.26875 0.02265625 0.09375 0.0453125
0 0.90625 0.0828125 0.184375 0.165625
0 0.71171875 0.0390625 0.15546875 0.078125
0 0.515625 0.03203125 0.209375 0.0640625
0 0.40234375 0.09140625 0.07109375 0.1046875
0 0.42421875 0.18203125 0.090625 0.08984375
0 0.528125 0.18671875 0.078125 0.059375
0 0.5234375 0.09296875 0.09296875 0.0421875
0 0.590625 0.13203125 0.11015625 0.05546875
0 0.70546875 0.23046875 0.15625 0.1640625
0 0.64375 0.184375 0.08203125 0.0609375
0 0.7484375 0.34609375 0.1328125 0.0828125
0 0.95390625 0.26953125 0.0921875 0.0859375
0 0.96484375 0.34375 0.05625 0.04375
0 0.96171875 0.425 0.06640625 0.034375
0 0.96328125 0.4703125 0.0484375 0.04296875
0 0.971875 0.57890625 0.05546875 0.13671875
0 0.9109375 0.615625 0.10625 0.07421875
0 0.478125 0.3109375 0.08828125 0.05390625
0 0.53671875 0.34609375 0.05390625 0.0359375
0 0.328125 0.421875 0.0234375 0.02890625
0 0.43984375 0.43046875 0.06640625 0.0453125
0 0.14765625 0.31640625 0.06328125 0.0421875
0 0.16640625 0.38984375 0.03828125 0.0359375
0 0.3375 0.46015625 0.16015625 0.0703125
0 0.47578125 0.51171875 0.14375 0.1265625
0 0.4421875 0.490625 0.05546875 0.0421875
0 0.80234375 0.45859375 0.04140625 0.03125
0 0.8265625 0.559375 0.11796875 0.09765625
0 0.73515625 0.559375 0.04453125 0.03828125
0 0.68671875 0.44375 0.0421875 0.0359375
0 0.6 0.4640625 0.05625 0.02421875
0 0.51015625 0.65546875 0.10546875 0.04765625
0 0.309375 0.6515625 0.1 0.08203125
0 0.29453125 0.53828125 0.16796875 0.096875
0 0.17734375 0.6828125 0.0359375 0.0203125
0 0.43125 0.865625 0.190625 0.0671875
0 0.59609375 0.87421875 0.0734375 0.04375
0 0.68046875 0.7734375 0.06953125 0.0375
0 0.9625 0.79296875 0.075 0.0875
0 0.9796875 0.8890625 0.040625 0.0984375
0 0.89765625 0.846875 0.08046875 0.04296875
0 0.7609375 0.9375 0.2796875 0.0703125
0 0.7796875 0.75703125 0.14140625 0.134375
0 0.08125 0.8203125 0.09296875 0.065625
0 0.1625 0.76796875 0.06484375 0.03828125
0 0.05390625 0.88515625 0.0375 0.025
0 0.32109375 0.98203125 0.04921875 0.02421875
0 0.35390625 0.91484375 0.04375 0.03046875
0 0.103125 0.090625 0.20625 0.18125
0 0.10546875 0.6109375 0.21015625 0.10546875
0 0.01328125 0.5203125 0.02578125 0.02109375
0 0.06171875 0.31796875 0.1234375 0.1234375
0 0.23046875 0.7171875 0.08828125 0.06015625
0 0.02109375 0.75546875 0.04140625 0.0296875
0 0.09453125 0.75859375 0.05859375 0.03359375