0 0.07265625 0.25234375 0.14453125 0.25859375
0 0.24375 0.184375 0.16171875 0.09765625
0 0.43203125 0.48671875 0.1015625 0.0859375
0 0.29921875 0.36171875 0.27265625 0.23125
0 0.5125 0.32734375 0.1015625 0.08125
0 0.51875 0.22109375 0.071875 0.07109375
0 0.45 0.16171875 0.096875 0.0671875
0 0.46015625 0.0375 0.31484375 0.07421875
0 0.6390625 0.06484375 0.1375 0.09296875
0 0.9 0.0703125 0.1375 0.0828125
0 0.79375 0.25234375 0.08359375 0.0859375
0 0.715625 0.296875 0.14609375 0.0875
0 0.70078125 0.503125 0.20234375 0.16171875
0 0.86171875 0.64296875 0.2765625 0.1921875
0 0.85390625 0.7203125 0.0765625 0.0421875
0 0.3140625 0.72421875 0.121875 0.07109375
0 0.421875 0.71484375 0.103125 0.05546875
0 0.2453125 0.8375 0.3125 0.0875
0 0.55234375 0.9109375 0.17578125 0.09609375
0 0.31015625 0.94453125 0.1734375 0.109375
0 0.12578125 0.95859375 0.1609375 0.0828125
0 0.93359375 0.99453125 0.0609375 0.0109375
0 0.94609375 0.79609375 0.1078125 0.07265625
0 0.990625 0.875 0.01796875 0.03515625