0 0.6390625 0.03359375 0.07265625 0.0671875
0 0.5453125 0.02578125 0.071875 0.0515625
0 0.09765625 0.1265625 0.19453125 0.18828125
0 0.12734375 0.22578125 0.05859375 0.0453125
0 0.1921875 0.23984375 0.05625 0.0484375
0 0.37890625 0.0046875 0.0625 0.009375
0 0.38515625 0.01953125 0.05390625 0.028125
0 0.40078125 0.08984375 0.06171875 0.0328125
0 0.48828125 0.0828125 0.05390625 0.040625
0 0.55546875 0.14921875 0.03828125 0.0265625
0 0.446875 0.12109375 0.034375 0.0234375
0 0.34453125 0.165625 0.10703125 0.1328125
0 0.10859375 0.31484375 0.06953125 0.05859375
0 0.56796875 0.234375 0.0546875 0.0359375
0 0.6078125 0.36796875 0.13359375 0.134375
0 0.690625 0.40234375 0.05390625 0.05078125
0 0.6875 0.334375 0.04296875 0.0296875
0 0.6890625 0.26796875 0.053125 0.09140625
0 0.60390625 0.2 0.04375 0.03203125
0 0.0875 0.46015625 0.14140625 0.1328125
0 0.00625 0.3796875 0.0125 0.028125
0 0.22578125 0.53046875 0.0875 0.08984375
0 0.21796875 0.584375 0.03125 0.02890625
0 0.16953125 0.51953125 0.021875 0.0203125
0 0.57578125 0.5046875 0.0625 0.04140625
0 0.48828125 0.54453125 0.10859375 0.14140625
0 0.36015625 0.51875 0.028125 0.01953125
0 0.4625 0.44765625 0.0234375 0.0203125
0 0.5125 0.26484375 0.03359375 0.02734375
0 0.509375 0.20234375 0.0328125 0.028125
0 0.7359375 0.4609375 0.0234375 0.0609375
0 0.71171875 0.55546875 0.02578125 0.02578125
0 0.75625 0.57578125 0.05078125 0.1265625
0 0.609375 0.6359375 0.0265625 0.02890625
0 0.57734375 0.57421875 0.04140625 0.046875
0 0.06328125 0.7625 0.065625 0.0671875
0 0.71171875 0.0234375 0.0578125 0.046875
0 0.74296875 0.13046875 0.07109375 0.1
0 0.79375 0.14765625 0.0578125 0.06328125
0 0.753125 0.0328125 0.0328125 0.05234375
0 0.7609375 0.225 0.06953125 0.07890625
0 0.728125 0.24765625 0.03984375 0.0390625
0 0.775 0.271875 0.025 0.03125
0 0.7890625 0.321875 0.06953125 0.0734375
0 0.740625 0.37421875 0.04609375 0.11171875
0 0.79140625 0.38515625 0.05 0.04296875
0 0.79609375 0.47109375 0.03671875 0.05546875
0 0.778125 0.53515625 0.02734375 0.04765625
0 0.80546875 0.61953125 0.04765625 0.0703125
0 0.61796875 0.66328125 0.0265625 0.01640625