0 0.14921875 0.04765625 0.059375 0.053125
0 0.23515625 0.04765625 0.0921875 0.0734375
0 0.334375 0.06953125 0.03359375 0.04765625
0 0.33828125 0.121875 0.03828125 0.0421875
0 0.521875 0.0890625 0.1015625 0.0890625
0 0.54296875 0.14453125 0.05546875 0.03515625
0 0.5953125 0.21171875 0.05703125 0.109375
0 0.52265625 0.22265625 0.05546875 0.06328125
0 0.44453125 0.1609375 0.05 0.10703125
0 0.0265625 0.01640625 0.053125 0.03203125
0 0.15 0.165625 0.2265625 0.12421875
0 0.16875 0.3125 0.165625 0.14609375
0 0.19921875 0.3890625 0.0453125 0.03515625
0 0.24921875 0.40078125 0.04375 0.0375
0 0.059375 0.29296875 0.05625 0.03515625
0 0.02265625 0.22890625 0.04453125 0.03671875
0 0.3859375 0.1734375 0.05078125 0.034375
0 0.39375 0.20703125 0.0484375 0.03046875
0 0.39921875 0.2296875 0.0421875 0.021875
0 0.4109375 0.284375 0.04765625 0.025
0 0.47890625 0.278125 0.04140625 0.03125
0 0.53046875 0.33046875 0.0296875 0.0203125
0 0.44609375 0.30859375 0.0265625 0.01796875
0 0.3671875 0.34296875 0.0828125 0.103125
0 0.18515625 0.45859375 0.05390625 0.0453125
0 0.0453125 0.421875 0.090625 0.14375
0 0.015625 0.31171875 0.03125 0.0484375
0 0.540625 0.39609375 0.0421875 0.028125
0 0.57109375 0.5 0.10390625 0.10390625
0 0.63515625 0.52578125 0.0421875 0.0390625
0 0.6328125 0.4734375 0.03359375 0.0234375
0 0.634375 0.42265625 0.040625 0.0703125
0 0.56875 0.36953125 0.03359375 0.025
0 0.16875 0.57109375 0.109375 0.103125
0 0.09921875 0.50859375 0.02421875 0.021875
0 0.27578125 0.625 0.06796875 0.06953125
0 0.26875 0.6671875 0.02421875 0.021875
0 0.23203125 0.61640625 0.0171875 0.015625
0 0.54609375 0.60546875 0.0484375 0.03203125
0 0.478125 0.6359375 0.08359375 0.109375
0 0.3796875 0.61640625 0.021875 0.01484375
0 0.45859375 0.56171875 0.01796875 0.015625
0 0.49765625 0.41953125 0.02578125 0.02109375
0 0.4953125 0.37109375 0.025 0.021875
0 0.6703125 0.571875 0.01796875 0.046875
0 0.6515625 0.64453125 0.0203125 0.01953125
0 0.6859375 0.66015625 0.03984375 0.09765625
0 0.57265625 0.70703125 0.0203125 0.021875
0 0.54765625 0.65859375 0.03203125 0.0359375
0 0.14921875 0.8046875 0.05078125 0.05234375
0 0.66640625 0.09921875 0.03359375 0.0515625
0 0.6703125 0.14296875 0.02890625 0.04921875
0 0.67265625 0.1859375 0.03203125 0.03359375
0 0.65234375 0.2265625 0.0453125 0.05078125
0 0.67578125 0.315625 0.05546875 0.07734375
0 0.71484375 0.32890625 0.0453125 0.04921875
0 0.68359375 0.23984375 0.025 0.040625
0 0.68984375 0.3890625 0.05390625 0.0609375
0 0.6640625 0.40625 0.03046875 0.03046875
0 0.70078125 0.425 0.01875 0.02421875
0 0.71171875 0.46328125 0.05390625 0.05703125
0 0.67421875 0.5046875 0.0359375 0.08671875
0 0.71328125 0.51328125 0.03828125 0.0328125
0 0.7171875 0.5796875 0.02890625 0.04296875
0 0.703125 0.62890625 0.02109375 0.03671875
0 0.72421875 0.69453125 0.0375 0.0546875
0 0.57890625 0.728125 0.0203125 0.0125