0 0.1125 0.09375 0.15859375 0.0546875
0 0.034375 0.0734375 0.06875 0.05625
0 0.0796875 0.22265625 0.0734375 0.05390625
0 0.1375 0.321875 0.09609375 0.05859375
0 0.22265625 0.37890625 0.05546875 0.04296875
0 0.26640625 0.46640625 0.04375 0.0671875
0 0.32421875 0.49609375 0.0765625 0.04453125
0 0.4421875 0.4640625 0.26875 0.1296875
0 0.484375 0.44453125 0.284375 0.11796875
0 0.4796875 0.4015625 0.275 0.1484375
0 0.60234375 0.35 0.06484375 0.1109375
0 0.63203125 0.2734375 0.04921875 0.12109375
0 0.590625 0.24296875 0.05 0.02578125
0 0.55078125 0.29765625 0.05625 0.040625
0 0.4953125 0.2015625 0.1 0.0625
0 0.28984375 0.2453125 0.0640625 0.04921875
0 0.36640625 0.1390625 0.3125 0.053125
0 0.571875 0.13515625 0.06484375 0.0515625
0 0.71875 0.153125 0.0875 0.07265625
0 0.5390625 0.05546875 0.09296875 0.0609375
0 0.48671875 0.090625 0.03046875 0.03515625
0 0.28203125 0.06953125 0.08828125 0.0640625
0 0.76953125 0.06171875 0.20625 0.059375
0 0.92890625 0.06875 0.11015625 0.06328125
0 0.921875 0.18828125 0.15625 0.1015625
0 0.66875 0.3265625 0.0515625 0.03984375
0 0.68125 0.38828125 0.07890625 0.06953125
0 0.7578125 0.3875 0.05 0.04140625
0 0.85625 0.36875 0.2015625 0.1421875
0 0.80703125 0.27890625 0.08203125 0.05625
0 0.80078125 0.2171875 0.08359375 0.05625
0 0.0265625 0.2984375 0.053125 0.04375
0 0.03828125 0.41015625 0.07578125 0.04140625
0 0.1265625 0.46796875 0.08359375 0.04296875
0 0.10546875 0.55546875 0.06953125 0.0421875
0 0.24765625 0.61015625 0.16171875 0.10703125
0 0.26796875 0.6734375 0.23203125 0.14609375
0 0.190625 0.7609375 0.15625 0.0640625
0 0.01875 0.70703125 0.0375 0.0390625
0 0.11171875 0.7140625 0.03203125 0.025
0 0.025 0.7703125 0.02734375 0.028125
0 0.0671875 0.796875 0.0703125 0.0453125
0 0.1078125 0.82265625 0.03359375 0.040625
0 0.0765625 0.87265625 0.0171875 0.01953125
0 0.02265625 0.82109375 0.04453125 0.0640625
0 0.6515625 0.66171875 0.1296875 0.1171875
0 0.7203125 0.60390625 0.046875 0.04140625
0 0.7265625 0.5484375 0.02890625 0.021875
0 0.72109375 0.48828125 0.0359375 0.02734375
0 0.6734375 0.45078125 0.05546875 0.0328125
0 0.803125 0.48359375 0.084375 0.05703125
0 0.77109375 0.5109375 0.06875 0.03984375
0 0.8953125 0.47734375 0.05390625 0.0375
0 0.9765625 0.50703125 0.046875 0.0265625
0 0.965625 0.4078125 0.06875 0.1390625
0 0.97734375 0.55390625 0.0453125 0.0640625
0 0.9734375 0.6015625 0.05234375 0.03203125
0 0.8578125 0.57265625 0.19921875 0.1546875
0 0.725 0.66171875 0.02421875 0.015625
0 0.56640625 0.63359375 0.03203125 0.021875
0 0.45390625 0.6375 0.09453125 0.1140625
0 0.44765625 0.74765625 0.128125 0.10390625
0 0.49921875 0.87578125 0.09921875 0.05703125
0 0.61875 0.8484375 0.06171875 0.0390625
0 0.76875 0.74765625 0.0921875 0.071875
0 0.8484375 0.80859375 0.10546875 0.06484375
0 0.84375 0.690625 0.02578125 0.0140625
0 0.8890625 0.65625 0.11015625 0.06328125
0 0.98125 0.746875 0.0375 0.03828125
0 0.98671875 0.7984375 0.02578125 0.0375
0 0.971875 0.77578125 0.02578125 0.0140625
0 0.9703125 0.83359375 0.03203125 0.0296875
0 0.8921875 0.93203125 0.075 0.03515625
0 0.3984375 0.959375 0.03671875 0.0296875
0 0.19140625 0.95234375 0.0328125 0.02265625
0 0.1265625 0.95234375 0.03828125 0.021875
0 0.18515625 0.99296875 0.0296875 0.0140625
0 0.10703125 0.865625 0.06875 0.05390625