0 0.87734375 0.0140625 0.1296875 0.02734375
0 0.840625 0.0265625 0.04140625 0.03203125
0 0.91015625 0.04453125 0.06875 0.04609375
0 0.97421875 0.10078125 0.0515625 0.12421875
0 0.89375 0.1328125 0.07265625 0.075
0 0.55 0.06328125 0.1078125 0.05390625
0 0.23515625 0.015625 0.12734375 0.03125
0 0.68515625 0.04375 0.04609375 0.04296875
0 0.68984375 0.0875 0.05 0.0328125
0 0.80078125 0.09609375 0.075 0.10234375
0 0.75625 0.12578125 0.053125 0.03125
0 0.465625 0.09140625 0.05234375 0.059375
0 0.3390625 0.0890625 0.07890625 0.0546875
0 0.21484375 0.1046875 0.20703125 0.1484375
0 0.36171875 0.178125 0.05703125 0.04609375
0 0.5109375 0.1890625 0.21875 0.11953125
0 0.965625 0.20625 0.06484375 0.0578125
0 0.978125 0.29609375 0.04375 0.0390625
0 0.94765625 0.33359375 0.05859375 0.0359375
0 0.92890625 0.246875 0.04375 0.03671875
0 0.86171875 0.20859375 0.053125 0.0453125
0 0.80234375 0.23515625 0.0546875 0.04140625
0 0.78359375 0.18125 0.05625 0.0359375
0 0.77734375 0.153125 0.05078125 0.0359375
0 0.68671875 0.43671875 0.04765625 0.04921875
0 0.65078125 0.4328125 0.0375 0.02421875
0 0.65859375 0.409375 0.02421875 0.0234375
0 0.66171875 0.375 0.0453125 0.028125
0 0.7203125 0.37265625 0.040625 0.0453125
0 0.79765625 0.30234375 0.090625 0.10859375
0 0.95546875 0.45625 0.0890625 0.128125
0 0.959375 0.59375 0.06796875 0.04765625
0 0.9578125 0.66171875 0.06484375 0.0421875
0 0.87265625 0.62734375 0.11953125 0.11953125
0 0.68828125 0.55390625 0.075 0.10859375
0 0.6078125 0.4875 0.04296875 0.03125
0 0.53359375 0.41328125 0.09765625 0.128125
0 0.5890625 0.29296875 0.15234375 0.16328125
0 0.48515625 0.303125 0.05859375 0.0421875
0 0.41796875 0.2640625 0.06328125 0.0375
0 0.22265625 0.25625 0.0953125 0.04375
0 0.0671875 0.28984375 0.115625 0.04921875
0 0.02265625 0.34453125 0.03359375 0.02265625
0 0.11171875 0.36015625 0.04609375 0.01953125
0 0.3421875 0.3796875 0.17578125 0.1328125
0 0.36796875 0.3015625 0.19609375 0.11796875
0 0.221875 0.35 0.03984375 0.028125
0 0.22265625 0.2984375 0.04140625 0.02734375
0 0.40078125 0.49375 0.03515625 0.021875
0 0.4296875 0.53515625 0.2078125 0.08203125
0 0.43359375 0.60703125 0.09453125 0.05078125
0 0.29921875 0.66640625 0.14453125 0.0734375
0 0.11875 0.43671875 0.08984375 0.078125
0 0.1921875 0.47734375 0.06328125 0.0515625
0 0.28203125 0.45625 0.1453125 0.10546875
0 0.25078125 0.6015625 0.0984375 0.0453125
0 0.17734375 0.63671875 0.0640625 0.0359375
0 0.1015625 0.575 0.125 0.10625
0 0.02109375 0.575 0.0421875 0.0375
0 0.09296875 0.6953125 0.17421875 0.0578125
0 0.90078125 0.30859375 0.03203125 0.03671875
0 0.9 0.365625 0.0390625 0.0375
0 0.91171875 0.7953125 0.03984375 0.04375
0 0.9890625 0.72421875 0.021875 0.03125
0 0.99453125 0.75625 0.0109375 0.0234375
0 0.9390625 0.82578125 0.0265625 0.0296875
0 0.925 0.87265625 0.0296875 0.028125
0 0.91171875 0.9125 0.0484375 0.0453125
0 0.9140625 0.97734375 0.04453125 0.02734375
0 0.82734375 0.9296875 0.0296875 0.02890625
0 0.76875 0.59609375 0.03359375 0.02265625
0 0.85703125 0.53359375 0.02890625 0.02265625
0 0.0421875 0.0625 0.084375 0.071875
0 0.03828125 0.1953125 0.0765625 0.103125
0 0.0140625 0.42578125 0.028125 0.1140625
0 0.0609375 0.43203125 0.02421875 0.01953125
0 0.846875 0.2484375 0.03515625 0.03671875