0 0.484375 0.04296875 0.090625 0.04375
0 0.48671875 0.08984375 0.11640625 0.059375
0 0.48671875 0.1484375 0.06796875 0.05546875
0 0.5703125 0.1453125 0.1 0.0453125
0 0.49765625 0.2015625 0.06484375 0.04609375
0 0.37578125 0.2203125 0.10625 0.084375
0 0.2140625 0.1578125 0.071875 0.04921875
0 0.203125 0.1921875 0.025 0.0171875
0 0.2390625 0.203125 0.04921875 0.0359375
0 0.2546875 0.28046875 0.05234375 0.0625
0 0.3015625 0.3296875 0.04375 0.04140625
0 0.3546875 0.38046875 0.0484375 0.04296875
0 0.29375 0.37578125 0.028125 0.028125
0 0.32734375 0.409375 0.0328125 0.0234375
0 0.36171875 0.4453125 0.05703125 0.08125
0 0.44609375 0.54296875 0.11171875 0.11015625
0 0.59375 0.41796875 0.04453125 0.0234375
0 0.42265625 0.415625 0.04921875 0.03984375
0 0.471875 0.29921875 0.175 0.10078125
0 0.6015625 0.2796875 0.0984375 0.0828125
0 0.68984375 0.28203125 0.08203125 0.0765625
0 0.6734375 0.0890625 0.0546875 0.05
0 0.73203125 0.203125 0.04140625 0.04609375
0 0.59375 0.53671875 0.078125 0.0609375
0 0.57265625 0.46328125 0.15234375 0.084375
0 0.146875 0.21796875 0.03359375 0.0390625
0 0.15390625 0.2578125 0.0390625 0.0328125
0 0.03125 0.25234375 0.06171875 0.0328125
0 0.153125 0.43359375 0.09375 0.13359375
0 0.16328125 0.53671875 0.10546875 0.11484375
0 0.0828125 0.58203125 0.03203125 0.01796875
0 0.14609375 0.615625 0.0375 0.0265625
0 0.26875 0.59375 0.02734375 0.02578125
0 0.2625 0.49375 0.05234375 0.0328125
0 0.171875 0.7015625 0.07890625 0.05078125
0 0.1015625 0.61484375 0.03046875 0.02265625
0 0.08515625 0.759375 0.09375 0.06171875
0 0.02578125 0.70625 0.0515625 0.05
0 0.70390625 0.35234375 0.0578125 0.0578125
0 0.509375 0.375 0.15390625 0.0875
0 0.1421875 0.64453125 0.14765625 0.06171875
0 0.565625 0.70625 0.11875 0.065625
0 0.62890625 0.634375 0.0765625 0.075
0 0.43125 0.62734375 0.084375 0.06171875
0 0.45 0.7375 0.1125 0.140625
0 0.43671875 0.88671875 0.06484375 0.04375
0 0.403125 0.9515625 0.03125 0.0515625
0 0.378125 0.72265625 0.04296875 0.03203125
0 0.70625 0.62734375 0.078125 0.078125
0 0.68046875 0.7234375 0.02734375 0.01875
0 0.709375 0.746875 0.0328125 0.01796875
0 0.7015625 0.70546875 0.07578125 0.0578125
0 0.609375 0.7953125 0.14140625 0.096875
0 0.696875 0.87109375 0.04609375 0.04453125
0 0.74609375 0.909375 0.0828125 0.08203125
0 0.7015625 0.94296875 0.040625 0.034375
0 0.63515625 0.98203125 0.13359375 0.0359375
0 0.7015625 0.43359375 0.0765625 0.1125
0 0.6578125 0.3734375 0.02578125 0.0296875
0 0.07265625 0.44765625 0.0390625 0.03125
0 0.01953125 0.4296875 0.03828125 0.02734375
0 0.0578125 0.35 0.11484375 0.115625
0 0.81484375 0.728125 0.06953125 0.06484375
0 0.371875 0.50859375 0.03125 0.02734375
0 0.36875 0.56953125 0.0265625 0.0390625
0 0.31484375 0.81796875 0.01796875 0.02109375
0 0.309375 0.78984375 0.01328125 0.025
0 0.29140625 0.73828125 0.0421875 0.0421875
0 0.29453125 0.67734375 0.0359375 0.046875
0 0.32578125 0.55234375 0.0703125 0.11875
0 0.971875 0.41171875 0.05546875 0.0625
0 0.98046875 0.69140625 0.03828125 0.06328125
0 0.94296875 0.703125 0.03125 0.0390625
0 0.9265625 0.66015625 0.0515625 0.0328125
0 0.8703125 0.76171875 0.053125 0.0390625
0 0.93125 0.815625 0.02734375 0.015625
0 0.98046875 0.7859375 0.02890625 0.021875
0 0.93125 0.78984375 0.025 0.01875
0 0.8859375 0.7984375 0.04453125 0.0359375
0 0.79765625 0.62734375 0.05234375 0.0484375
0 0.84296875 0.55625 0.06015625 0.05625
0 0.9 0.565625 0.0375 0.02578125
0 0.83984375 0.4953125 0.0421875 0.04375
0 0.8578125 0.4328125 0.0234375 0.02890625
0 0.9 0.42265625 0.07890625 0.07890625
0 0.80859375 0.38984375 0.0421875 0.025
0 0.7953125 0.359375 0.03046875 0.0296875
0 0.8296875 0.3625 0.025 0.02421875
0 0.809375 0.4421875 0.04375 0.03671875
0 0.98828125 0.60859375 0.0234375 0.0390625
0 0.86171875 0.70390625 0.02734375 0.02734375
0 0.9625 0.5640625 0.01484375 0.02265625
0 0.9765625 0.53203125 0.0171875 0.01171875
0 0.98125 0.509375 0.02265625 0.01953125
0 0.93125 0.4765625 0.078125 0.0625
0 0.95390625 0.5 0.07890625 0.05234375
0 0.9109375 0.53359375 0.0125 0.02109375
0 0.94296875 0.59921875 0.02265625 0.0125
0 0.91015625 0.59140625 0.021875 0.01953125
0 0.909375 0.61796875 0.0203125 0.01640625
0 0.78125 0.67265625 0.0171875 0.01328125
0 0.99296875 0.65 0.0140625 0.0125
0 0.95234375 0.7296875 0.01015625 0.00859375
0 0.92734375 0.73046875 0.0140625 0.01015625
0 0.9125 0.7171875 0.0296875 0.01875
0 0.90234375 0.69921875 0.01640625 0.009375
0 0.8125 0.58671875 0.0328125 0.021875
0 0.76484375 0.4578125 0.0234375 0.01640625
0 0.02578125 0.5953125 0.0515625 0.0796875
0 0.0421875 0.521875 0.084375 0.11484375
0 0.0421875 0.465625 0.084375 0.09453125
0 0.27890625 0.8859375 0.0125 0.01953125
0 0.00859375 0.78984375 0.0171875 0.03046875
0 0.77734375 0.16484375 0.053125 0.06875
0 0.76328125 0.25703125 0.05234375 0.07890625
0 0.3015625 0.23984375 0.0734375 0.09140625