0 0.0796875 0.053125 0.159375 0.0578125
0 0.01484375 0.03046875 0.0296875 0.0609375
0 0.04140625 0.1890625 0.07734375 0.05703125
0 0.10234375 0.29296875 0.1015625 0.06171875
0 0.1921875 0.353125 0.05859375 0.0453125
0 0.23828125 0.4453125 0.04609375 0.07109375
0 0.2984375 0.4765625 0.08046875 0.046875
0 0.4234375 0.44296875 0.28359375 0.13671875
0 0.46796875 0.42265625 0.3 0.12421875
0 0.4625 0.37734375 0.28984375 0.15703125
0 0.5921875 0.32265625 0.06796875 0.1171875
0 0.6234375 0.24140625 0.0515625 0.12734375
0 0.5796875 0.21015625 0.053125 0.0265625
0 0.5375 0.26796875 0.059375 0.04296875
0 0.4796875 0.16640625 0.10546875 0.065625
0 0.2625 0.2125 0.0671875 0.0515625
0 0.34375 0.10078125 0.3296875 0.05625
0 0.56015625 0.09609375 0.06875 0.0546875
0 0.71484375 0.11484375 0.0921875 0.0765625
0 0.525 0.021875 0.0984375 0.04375
0 0.4703125 0.04921875 0.03203125 0.03671875
0 0.25390625 0.03046875 0.09296875 0.0609375
0 0.76796875 0.025 0.2171875 0.05
0 0.93671875 0.0296875 0.115625 0.059375
0 0.9234375 0.1515625 0.153125 0.10625
0 0.6625 0.29765625 0.0546875 0.0421875
0 0.675 0.36328125 0.0828125 0.0734375
0 0.75625 0.36171875 0.053125 0.04375
0 0.86015625 0.34296875 0.2125 0.15
0 0.80859375 0.2484375 0.08671875 0.059375
0 0.8015625 0.18203125 0.08828125 0.059375
0 0.00625 0.2671875 0.0125 0.046875
0 0.01875 0.3859375 0.0375 0.04375
0 0.08984375 0.446875 0.08828125 0.0453125
0 0.06875 0.53984375 0.0734375 0.04453125
0 0.21875 0.596875 0.1703125 0.1125
0 0.2390625 0.6640625 0.24453125 0.1546875
0 0.1578125 0.75625 0.16484375 0.06796875
0 0.075 0.70703125 0.03359375 0.0265625
0 0.0328125 0.79375 0.06484375 0.04765625
0 0.07109375 0.82109375 0.03515625 0.04296875
0 0.0375 0.87421875 0.01796875 0.0203125
0 0.64453125 0.6515625 0.13671875 0.1234375
0 0.71640625 0.590625 0.05 0.04375
0 0.72265625 0.53203125 0.03046875 0.0234375
0 0.7171875 0.46875 0.03828125 0.02890625
0 0.6671875 0.42890625 0.05859375 0.03515625
0 0.80390625 0.4640625 0.0890625 0.06015625
0 0.76953125 0.4921875 0.07265625 0.04140625
0 0.90078125 0.45703125 0.05703125 0.0390625
0 0.98125 0.4890625 0.03671875 0.02734375
0 0.96875 0.3828125 0.0625 0.146875
0 0.98203125 0.53828125 0.03515625 0.06875
0 0.978125 0.58828125 0.04375 0.03359375
0 0.86171875 0.55703125 0.21015625 0.16328125
0 0.72109375 0.65078125 0.02578125 0.01640625
0 0.5546875 0.621875 0.03359375 0.0234375
0 0.4359375 0.62578125 0.09921875 0.1203125
0 0.42890625 0.7421875 0.13515625 0.109375
0 0.48359375 0.8765625 0.1046875 0.06015625
0 0.61015625 0.8484375 0.06484375 0.040625
0 0.76796875 0.7421875 0.09765625 0.07578125
0 0.8515625 0.80625 0.11171875 0.06875
0 0.846875 0.68203125 0.02734375 0.01484375
0 0.89453125 0.64609375 0.115625 0.0671875
0 0.9859375 0.74140625 0.028125 0.040625
0 0.99140625 0.79609375 0.0171875 0.0390625
0 0.98203125 0.771875 0.02734375 0.01484375
0 0.9796875 0.83203125 0.03359375 0.03125
0 0.89765625 0.93671875 0.07890625 0.03671875
0 0.37734375 0.965625 0.0390625 0.03125
0 0.159375 0.95859375 0.034375 0.02421875
0 0.090625 0.9578125 0.040625 0.0234375
0 0.153125 0.996875 0.0328125 0.00546875
0 0.0703125 0.86640625 0.07265625 0.05703125