0 0.06796875 0.04140625 0.13515625 0.06328125
0 0.02421875 0.18984375 0.04765625 0.0625
0 0.07265625 0.3046875 0.1109375 0.06796875
0 0.17109375 0.3703125 0.0640625 0.05
0 0.221875 0.471875 0.05078125 0.07734375
0 0.2875 0.50546875 0.08828125 0.0515625
0 0.42421875 0.46875 0.3109375 0.14921875
0 0.4734375 0.44609375 0.328125 0.1359375
0 0.46796875 0.396875 0.3171875 0.171875
0 0.61015625 0.33671875 0.07421875 0.12890625
0 0.64375 0.2484375 0.05703125 0.13984375
0 0.59609375 0.2140625 0.0578125 0.0296875
0 0.55 0.27734375 0.06484375 0.046875
0 0.4859375 0.165625 0.115625 0.071875
0 0.2484375 0.215625 0.0734375 0.05625
0 0.33671875 0.09375 0.3609375 0.0609375
0 0.57421875 0.08828125 0.075 0.06015625
0 0.74375 0.109375 0.1015625 0.08359375
0 0.5359375 0.015625 0.1078125 0.03125
0 0.47578125 0.0375 0.03515625 0.040625
0 0.2390625 0.025 0.10234375 0.05
0 0.80234375 0.01953125 0.23828125 0.0390625
0 0.96171875 0.02421875 0.0765625 0.0484375
0 0.94453125 0.15 0.11015625 0.1171875
0 0.6859375 0.309375 0.059375 0.04609375
0 0.7 0.38125 0.09140625 0.08046875
0 0.7890625 0.3796875 0.0578125 0.04765625
0 0.89296875 0.35859375 0.21328125 0.16484375
0 0.84609375 0.25546875 0.09453125 0.065625
0 0.8390625 0.1828125 0.096875 0.065625
0 0.059375 0.4734375 0.096875 0.05
0 0.03828125 0.57421875 0.07578125 0.04921875
0 0.2 0.6375 0.18671875 0.1234375
0 0.22265625 0.7109375 0.26796875 0.16875
0 0.13359375 0.8125 0.18046875 0.07421875
0 0.04296875 0.7578125 0.03671875 0.02890625
0 0.015625 0.85234375 0.03125 0.0515625
0 0.03828125 0.8828125 0.0390625 0.046875
0 0.00546875 0.940625 0.0109375 0.021875
0 0.66640625 0.69765625 0.15 0.13515625
0 0.74609375 0.63046875 0.0546875 0.0484375
0 0.753125 0.565625 0.0328125 0.02578125
0 0.74609375 0.496875 0.0421875 0.03125
0 0.69140625 0.45390625 0.0640625 0.03828125
0 0.84140625 0.49140625 0.09765625 0.06640625
0 0.80390625 0.52265625 0.0796875 0.04609375
0 0.94765625 0.484375 0.0625 0.04296875
0 0.89453125 0.59375 0.2109375 0.17890625
0 0.75078125 0.696875 0.028125 0.01796875
0 0.56796875 0.66484375 0.03671875 0.025
0 0.43828125 0.66875 0.10859375 0.13203125
0 0.43046875 0.79609375 0.14765625 0.11953125
0 0.490625 0.94453125 0.11484375 0.06640625
0 0.62890625 0.91328125 0.07109375 0.04453125
0 0.8015625 0.796875 0.10703125 0.0828125
0 0.89375 0.8671875 0.121875 0.075
0 0.88828125 0.73046875 0.0296875 0.01640625
0 0.93828125 0.690625 0.12265625 0.0734375
0 0.94375 0.99453125 0.0859375 0.0109375
0 0.03828125 0.9328125 0.0765625 0.0625