0 0.47578125 0.07890625 0.08203125 0.03984375
0 0.47890625 0.121875 0.10546875 0.05390625
0 0.47890625 0.17421875 0.06171875 0.05
0 0.5546875 0.17109375 0.08984375 0.04140625
0 0.48828125 0.22265625 0.05859375 0.0421875
0 0.378125 0.23984375 0.09609375 0.0765625
0 0.23125 0.1828125 0.065625 0.04453125
0 0.22109375 0.2140625 0.02265625 0.015625
0 0.25390625 0.22421875 0.04453125 0.0328125
0 0.26875 0.29375 0.04765625 0.05625
0 0.3109375 0.33828125 0.03984375 0.0375
0 0.35859375 0.38515625 0.04453125 0.0390625
0 0.303125 0.3796875 0.02578125 0.02578125
0 0.33359375 0.4109375 0.0296875 0.02109375
0 0.365625 0.44375 0.0515625 0.0734375
0 0.4421875 0.53203125 0.1015625 0.09921875
0 0.57578125 0.41875 0.040625 0.02109375
0 0.4203125 0.41640625 0.04453125 0.03671875
0 0.46484375 0.3109375 0.15859375 0.09140625
0 0.5828125 0.29375 0.0890625 0.075
0 0.6625 0.2953125 0.07421875 0.06953125
0 0.64765625 0.12109375 0.05 0.0453125
0 0.70078125 0.22421875 0.0375 0.04140625
0 0.575 0.52578125 0.07109375 0.05546875
0 0.55625 0.459375 0.13828125 0.0765625
0 0.1703125 0.2375 0.03046875 0.03515625
0 0.17734375 0.2734375 0.03515625 0.0296875
0 0.06015625 0.26875 0.06875 0.0296875
0 0.17578125 0.4328125 0.08515625 0.12109375
0 0.18515625 0.52578125 0.0953125 0.10390625
0 0.1125 0.5671875 0.02890625 0.01640625
0 0.1703125 0.596875 0.03359375 0.02421875
0 0.28125 0.57734375 0.025 0.0234375
0 0.275 0.48671875 0.04765625 0.0296875
0 0.19296875 0.675 0.07109375 0.0453125
0 0.1296875 0.596875 0.028125 0.0203125
0 0.11484375 0.728125 0.08515625 0.05546875
0 0.0578125 0.6796875 0.0546875 0.0453125
0 0.0234375 0.7109375 0.0359375 0.0234375
0 0.675 0.359375 0.05234375 0.05234375
0 0.49921875 0.3796875 0.1390625 0.07890625
0 0.16640625 0.6234375 0.13359375 0.05625
0 0.55 0.6796875 0.1078125 0.059375
0 0.60703125 0.6140625 0.06953125 0.06796875
0 0.428125 0.6078125 0.0765625 0.05546875
0 0.4453125 0.7078125 0.10234375 0.12734375
0 0.4328125 0.84296875 0.059375 0.03984375
0 0.40234375 0.9015625 0.028125 0.046875
0 0.3796875 0.69453125 0.0390625 0.02890625
0 0.6765625 0.60859375 0.0703125 0.07109375
0 0.65390625 0.6953125 0.025 0.0171875
0 0.6796875 0.71640625 0.0296875 0.01640625
0 0.67265625 0.678125 0.06875 0.05234375
0 0.58984375 0.76015625 0.128125 0.0875
0 0.66875 0.82890625 0.04140625 0.040625
0 0.71328125 0.86328125 0.075 0.07421875
0 0.6734375 0.89375 0.03671875 0.03125
0 0.6125 0.95390625 0.12109375 0.0828125
0 0.67265625 0.4328125 0.06953125 0.10234375
0 0.63359375 0.378125 0.0234375 0.0265625
0 0.10390625 0.4453125 0.03515625 0.028125
0 0.04765625 0.42890625 0.04921875 0.025
0 0.075 0.35703125 0.134375 0.1046875
0 0.775 0.69921875 0.06328125 0.059375
0 0.375 0.50078125 0.028125 0.025
0 0.37109375 0.55546875 0.02421875 0.03515625
0 0.32265625 0.78046875 0.01640625 0.01875
0 0.31796875 0.75546875 0.01171875 0.02265625
0 0.3015625 0.70859375 0.03828125 0.03828125
0 0.3046875 0.65390625 0.03203125 0.0421875
0 0.3328125 0.53984375 0.0640625 0.1078125
0 0.9203125 0.4125 0.0546875 0.05625
0 0.95625 0.45234375 0.03828125 0.05078125
0 0.95390625 0.4953125 0.0359375 0.0109375
0 0.93515625 0.665625 0.05390625 0.05703125
0 0.8921875 0.6765625 0.02890625 0.0359375
0 0.8765625 0.6375 0.046875 0.0296875
0 0.82578125 0.7296875 0.04765625 0.0359375
0 0.88046875 0.778125 0.025 0.0140625
0 0.92578125 0.7515625 0.02578125 0.01953125
0 0.88125 0.7546875 0.02265625 0.0171875
0 0.97109375 0.740625 0.05078125 0.03203125
0 0.97734375 0.784375 0.0171875 0.01640625
0 0.83984375 0.7625 0.03984375 0.0328125
0 0.76015625 0.6078125 0.04765625 0.04453125
0 0.80078125 0.54375 0.0546875 0.05078125
0 0.85234375 0.55234375 0.034375 0.0234375
0 0.79765625 0.48828125 0.03828125 0.03984375
0 0.8140625 0.43203125 0.02109375 0.02578125
0 0.85234375 0.42265625 0.07109375 0.071875
0 0.76953125 0.39296875 0.03828125 0.02265625
0 0.7578125 0.365625 0.02734375 0.02734375
0 0.7890625 0.36875 0.02265625 0.021875
0 0.7703125 0.440625 0.0390625 0.0328125
0 0.94453125 0.590625 0.04453125 0.0359375
0 0.81796875 0.67734375 0.02421875 0.025
0 0.909375 0.55078125 0.01328125 0.0203125
0 0.921875 0.521875 0.015625 0.01015625
0 0.9515625 0.5328125 0.0171875 0.0203125
0 0.9265625 0.5015625 0.0203125 0.01796875
0 0.88046875 0.47109375 0.07109375 0.05625
0 0.90078125 0.49296875 0.071875 0.04765625
0 0.8625 0.52265625 0.01171875 0.01875
0 0.89140625 0.5828125 0.0203125 0.01171875
0 0.86171875 0.575 0.01953125 0.01796875
0 0.86171875 0.59921875 0.01875 0.01484375
0 0.7453125 0.64921875 0.015625 0.01171875
0 0.93984375 0.6296875 0.0171875 0.0109375
0 0.9859375 0.61875 0.01171875 0.0109375
0 0.98203125 0.5953125 0.01015625 0.01015625
0 0.9953125 0.58125 0.009375 0.00859375
0 0.9 0.70078125 0.009375 0.0078125
0 0.87734375 0.7015625 0.0125 0.009375
0 0.8640625 0.68984375 0.0265625 0.0171875
0 0.8546875 0.67265625 0.01484375 0.00859375
0 0.9609375 0.76640625 0.01484375 0.00703125
0 0.7734375 0.57109375 0.0296875 0.0203125
0 0.73046875 0.4546875 0.02109375 0.01484375
0 0.0421875 0.57890625 0.084375 0.0734375
0 0.05703125 0.5125 0.1140625 0.10390625
0 0.05703125 0.46171875 0.1140625 0.0859375
0 0.28984375 0.8421875 0.01171875 0.01796875
0 0.0265625 0.75546875 0.053125 0.02734375
0 0.74140625 0.18984375 0.04765625 0.06171875
0 0.72890625 0.27265625 0.046875 0.071875
0 0.98515625 0.4640625 0.0234375 0.015625
0 0.99296875 0.4296875 0.0140625 0.01875
0 0.3109375 0.25703125 0.06640625 0.0828125
0 0.0109375 0.30234375 0.021875 0.0390625
0 0.00859375 0.215625 0.01640625 0.02734375