0 0.23984375 0.39140625 0.1703125 0.18203125
0 0.25390625 0.20625 0.134375 0.11328125
0 0.22890625 0.11796875 0.08125 0.09453125
0 0.14453125 0.03046875 0.1578125 0.0609375
0 0.290625 0.00625 0.08671875 0.0125
0 0.44375 0.021875 0.090625 0.04296875
0 0.55 0.0515625 0.18046875 0.05234375
0 0.8390625 0.03125 0.16171875 0.0625
0 0.83203125 0.16875 0.2625 0.20078125
0 0.61171875 0.15546875 0.134375 0.0765625
0 0.4421875 0.12890625 0.18125 0.10546875
0 0.34453125 0.20546875 0.06171875 0.090625
0 0.36328125 0.2828125 0.07890625 0.078125
0 0.453125 0.2875 0.06796875 0.0515625
0 0.44921875 0.20625 0.08046875 0.0359375
0 0.5078125 0.240625 0.0953125 0.0484375
0 0.60625 0.325 0.13515625 0.1421875
0 0.553125 0.2859375 0.07109375 0.05234375
0 0.64375 0.425 0.11484375 0.071875
0 0.828125 0.36015625 0.09140625 0.0734375
0 0.83046875 0.4234375 0.0484375 0.0375
0 0.828125 0.49296875 0.0578125 0.0296875
0 0.8296875 0.5328125 0.04140625 0.0375
0 0.89921875 0.31796875 0.05 0.0359375
0 0.90625 0.6265625 0.18671875 0.11796875
0 0.784375 0.65859375 0.0921875 0.06484375
0 0.409375 0.39453125 0.07578125 0.046875
0 0.4609375 0.425 0.04609375 0.03125
0 0.2796875 0.490625 0.0203125 0.025
0 0.3765625 0.49765625 0.0578125 0.0390625
0 0.12421875 0.4 0.0546875 0.0359375
0 0.140625 0.46328125 0.0328125 0.03046875
0 0.28828125 0.52421875 0.1390625 0.0609375
0 0.4078125 0.56875 0.12421875 0.109375
0 0.37890625 0.55 0.04765625 0.03671875
0 0.68984375 0.52265625 0.0359375 0.02734375
0 0.7109375 0.609375 0.10234375 0.084375
0 0.63203125 0.609375 0.0390625 0.03359375
0 0.590625 0.509375 0.03671875 0.03125
0 0.51484375 0.52734375 0.04921875 0.02109375
0 0.4375 0.6921875 0.09140625 0.04140625
0 0.2640625 0.6890625 0.08671875 0.07109375
0 0.25078125 0.59140625 0.1453125 0.08359375
0 0.14921875 0.71640625 0.03125 0.01796875
0 0.36953125 0.87421875 0.16484375 0.05859375
0 0.51171875 0.88203125 0.06328125 0.03828125
0 0.58515625 0.79453125 0.06015625 0.03203125
0 0.853125 0.81171875 0.11484375 0.07578125
0 0.9078125 0.8953125 0.16328125 0.08515625
0 0.77265625 0.85859375 0.06953125 0.03671875
0 0.6546875 0.93671875 0.24140625 0.0609375
0 0.6703125 0.78046875 0.121875 0.115625
0 0.06640625 0.83515625 0.08046875 0.05703125
0 0.13671875 0.790625 0.05625 0.0328125
0 0.04296875 0.89140625 0.0328125 0.021875
0 0.27421875 0.975 0.04296875 0.02109375
0 0.30234375 0.9171875 0.0375 0.0265625
0 0.0875 0.190625 0.175 0.18359375
0 0.97421875 0.109375 0.0515625 0.05078125
0 0.9875 0.2375 0.025 0.053125
0 0.984375 0.740625 0.03125 0.04609375
0 0.0890625 0.65390625 0.178125 0.090625
0 0.009375 0.57578125 0.01875 0.01796875
0 0.0515625 0.40078125 0.103125 0.1078125
0 0.19609375 0.74609375 0.07578125 0.05234375
0 0.01640625 0.77890625 0.03203125 0.02578125
0 0.078125 0.78203125 0.05 0.02890625
0 0.9421875 0.50390625 0.115625 0.16875
0 0.9421875 0.37265625 0.115625 0.084375