0 0.24140625 0.403125 0.165625 0.17734375
0 0.25546875 0.2234375 0.13125 0.11015625
0 0.23125 0.1375 0.07890625 0.0921875
0 0.15 0.04609375 0.15390625 0.07265625
0 0.29140625 0.0171875 0.084375 0.034375
0 0.440625 0.03515625 0.08828125 0.06015625
0 0.54375 0.07265625 0.17578125 0.05078125
0 0.82578125 0.04296875 0.15703125 0.08046875
0 0.81875 0.1875 0.25625 0.19609375
0 0.6046875 0.17421875 0.13125 0.075
0 0.4390625 0.1484375 0.1765625 0.103125
0 0.34375 0.22265625 0.06015625 0.08828125
0 0.3625 0.2984375 0.0765625 0.07578125
0 0.45 0.30234375 0.065625 0.05
0 0.44609375 0.2234375 0.078125 0.03515625
0 0.50234375 0.25625 0.09296875 0.046875
0 0.5984375 0.33984375 0.13203125 0.13828125
0 0.546875 0.30078125 0.06953125 0.05078125
0 0.63515625 0.43671875 0.11171875 0.0703125
0 0.81484375 0.3734375 0.0890625 0.071875
0 0.8171875 0.43515625 0.04765625 0.03671875
0 0.81484375 0.503125 0.05625 0.02890625
0 0.81640625 0.54140625 0.040625 0.03671875
0 0.884375 0.3328125 0.0484375 0.03515625
0 0.8921875 0.6328125 0.184375 0.11484375
0 0.77265625 0.6640625 0.08984375 0.0625
0 0.4078125 0.40703125 0.07421875 0.0453125
0 0.45703125 0.43671875 0.0453125 0.03046875
0 0.28125 0.50078125 0.01953125 0.02421875
0 0.375 0.5078125 0.05625 0.03828125
0 0.12890625 0.41171875 0.053125 0.03515625
0 0.1453125 0.4734375 0.03203125 0.0296875
0 0.2890625 0.5328125 0.13515625 0.059375
0 0.40546875 0.5765625 0.12109375 0.10625
0 0.37734375 0.55859375 0.046875 0.03515625
0 0.68046875 0.53125 0.034375 0.0265625
0 0.70078125 0.61640625 0.09921875 0.08203125
0 0.62421875 0.61640625 0.0375 0.0328125
0 0.58359375 0.51875 0.0359375 0.03046875
0 0.51015625 0.5359375 0.04765625 0.0203125
0 0.43515625 0.696875 0.0890625 0.03984375
0 0.265625 0.69453125 0.084375 0.06875
0 0.25234375 0.5984375 0.14140625 0.08125
0 0.15390625 0.7203125 0.03046875 0.0171875
0 0.36796875 0.87421875 0.16015625 0.05703125
0 0.50703125 0.88203125 0.06171875 0.0375
0 0.578125 0.796875 0.05859375 0.03125
0 0.83984375 0.81328125 0.11171875 0.0734375
0 0.89296875 0.89453125 0.159375 0.0828125
0 0.7609375 0.85859375 0.06796875 0.0359375
0 0.64609375 0.93515625 0.2359375 0.059375
0 0.66171875 0.7828125 0.11875 0.11328125
0 0.0734375 0.8359375 0.078125 0.05546875
0 0.14140625 0.7921875 0.0546875 0.03203125
0 0.05 0.890625 0.03203125 0.02109375
0 0.27578125 0.97265625 0.04140625 0.02109375
0 0.30234375 0.915625 0.03671875 0.02578125