0 0.15703125 0.090625 0.10625 0.053125
0 0.275 0.18984375 0.10078125 0.05546875
0 0.4203125 0.17734375 0.0484375 0.04140625
0 0.4265625 0.22578125 0.04921875 0.04140625
0 0.23359375 0.31796875 0.23671875 0.1390625
0 0.07265625 0.30703125 0.07421875 0.04296875
0 0.05234375 0.20859375 0.08125 0.053125
0 0.60546875 0.1265625 0.1328125 0.075
0 0.6375 0.27421875 0.07109375 0.0734375
0 0.821875 0.23671875 0.09921875 0.09453125
0 0.890625 0.12109375 0.0859375 0.05859375
0 0.87890625 0.07109375 0.078125 0.05703125
0 0.90390625 0.17890625 0.06796875 0.059375
0 0.96328125 0.1921875 0.0734375 0.065625
0 0.9140625 0.23359375 0.059375 0.06484375
0 0.9078125 0.33515625 0.128125 0.10234375
0 0.70390625 0.3390625 0.06171875 0.03984375
0 0.49375 0.25859375 0.03984375 0.0328125
0 0.53515625 0.2296875 0.07109375 0.109375
0 0.5125 0.2921875 0.03671875 0.03046875
0 0.52265625 0.315625 0.04296875 0.028125
0 0.6 0.34140625 0.05234375 0.04140625
0 0.5453125 0.365625 0.04296875 0.034375
0 0.58984375 0.38671875 0.034375 0.021875
0 0.72890625 0.2375 0.09140625 0.11796875
0 0.6421875 0.1828125 0.06953125 0.046875
0 0.6734375 0.3875 0.04375 0.0265625
0 0.7328125 0.43046875 0.06171875 0.0296875
0 0.78125 0.40546875 0.0703125 0.04609375
0 0.8296875 0.48828125 0.04921875 0.09453125
0 0.8375 0.5515625 0.03984375 0.02734375
0 0.74765625 0.59296875 0.13984375 0.13515625
0 0.840625 0.62109375 0.0578125 0.05625
0 0.9203125 0.68515625 0.06484375 0.06953125
0 0.92890625 0.58984375 0.0859375 0.12421875
0 0.88515625 0.4515625 0.03828125 0.03828125
0 0.95 0.42421875 0.09921875 0.09453125
0 0.1453125 0.40390625 0.06640625 0.0421875
0 0.09765625 0.440625 0.19453125 0.13046875
0 0.53125 0.4390625 0.08125 0.11484375
0 0.64453125 0.44921875 0.0265625 0.03515625
0 0.6890625 0.4671875 0.06875 0.0328125
0 0.6484375 0.503125 0.03125 0.0390625
0 0.4578125 0.51328125 0.03046875 0.0421875
0 0.31796875 0.43359375 0.15703125 0.1703125
0 0.26953125 0.56015625 0.07265625 0.14140625
0 0.18984375 0.65234375 0.04609375 0.0296875
0 0.128125 0.64921875 0.03984375 0.02265625
0 0.13515625 0.60546875 0.0390625 0.0234375
0 0.08359375 0.52890625 0.1671875 0.153125
0 0.04296875 0.61171875 0.08515625 0.1203125
0 0.1578125 0.690625 0.2 0.08203125
0 0.1609375 0.7609375 0.10625 0.05703125
0 0.04140625 0.83515625 0.08203125 0.084375
0 0.63671875 0.7734375 0.10703125 0.13984375
0 0.71875 0.734375 0.05625 0.04921875
0 0.72578125 0.80390625 0.05546875 0.04296875
0 0.884375 0.79453125 0.02578125 0.01875
0 0.95625 0.80859375 0.0875 0.13984375
0 0.76796875 0.8734375 0.03359375 0.02421875
0 0.775 0.90625 0.040625 0.0171875
0 0.434375 0.703125 0.07265625 0.1140625
0 0.4171875 0.57890625 0.05546875 0.05078125
0 0.40078125 0.5125 0.05 0.03359375
0 0.346875 0.634375 0.03828125 0.02890625
0 0.6875 0.95703125 0.03828125 0.03984375
0 0.71484375 0.9890625 0.0359375 0.021875
0 0.9625 0.96796875 0.04921875 0.05234375
0 0.97578125 0.53046875 0.0484375 0.06328125