0 0.07265625 0.2171875 0.12578125 0.16640625
0 0.15390625 0.30703125 0.23515625 0.18984375
0 0.34375 0.25703125 0.11875 0.071875
0 0.48203125 0.47890625 0.07421875 0.06328125
0 0.384375 0.3875 0.2 0.16953125
0 0.54140625 0.36171875 0.07421875 0.059375
0 0.5453125 0.28359375 0.053125 0.05234375
0 0.4953125 0.240625 0.07109375 0.04921875
0 0.50234375 0.13203125 0.23125 0.08828125
0 0.634375 0.16953125 0.10078125 0.06796875
0 0.82578125 0.17265625 0.10078125 0.0609375
0 0.97421875 0.20078125 0.05078125 0.04453125
0 0.7484375 0.30703125 0.0609375 0.06328125
0 0.690625 0.33984375 0.1078125 0.06484375
0 0.6796875 0.49140625 0.1484375 0.11875
0 0.80078125 0.59375 0.21015625 0.14140625
0 0.7921875 0.65078125 0.05625 0.03125
0 0.9375 0.5453125 0.115625 0.21953125
0 0.9515625 0.34140625 0.096875 0.190625
0 0.3953125 0.65390625 0.0890625 0.05234375
0 0.47421875 0.646875 0.07578125 0.040625
0 0.10859375 0.62421875 0.07421875 0.03125
0 0.0328125 0.52109375 0.065625 0.0609375
0 0.09140625 0.690625 0.140625 0.09140625
0 0.34453125 0.73671875 0.2296875 0.06484375
0 0.5703125 0.790625 0.12890625 0.0703125
0 0.39296875 0.815625 0.12734375 0.08046875
0 0.2578125 0.83359375 0.11875 0.07578125
0 0.37890625 0.91015625 0.0625 0.04453125
0 0.92734375 0.89609375 0.04921875 0.0703125
0 0.928125 0.9671875 0.025 0.0296875
0 0.975 0.98203125 0.04140625 0.01953125
0 0.85078125 0.85703125 0.04453125 0.0171875
0 0.9234375 0.72421875 0.06484375 0.04453125
0 0.86953125 0.70625 0.09921875 0.053125
0 0.98515625 0.7 0.0265625 0.0359375
0 0.91015625 0.76484375 0.04765625 0.02578125
0 0.94140625 0.80078125 0.04140625 0.0296875
0 0.91875 0.83984375 0.0515625 0.02890625
0 0.603125 0.95859375 0.03515625 0.02734375